60088883
52431267
46861877
27161061
5213300
47338424
24029258
6068807
46832126
4815467
4794882
498086
27939015
37004607
33315910
29686795
2384516
52337168
46276955
58263592
40523968
20079654
45563609
24946937
1176977
36859944
14598893
30505542
15630747
29052619
3489392
33650300
55194390
42691764
65994047
58713754
39059488
63776677
43618446
4585667
25069107
60872721
42257260
36412030
54918182
8169441
47025687
38055213
1470710
51322593
3017626
47379574
59976835
5725788
43514461
29115014
61295734
54070521
63963169
1687365
38638239
61904219
29191742
1993770
27586955
25625964
8956181
28154540
46736693
35921991
49395569
52303158
48487124
33984096
32894988
19353026
3261595
37521098
42822842
35049463
41839711
24085498
38541525
29116372
4475785
56169159
5702452
56352494
38841517
29767790
44217805
42101397
24060245
63773896
54891116
6181870
42483633
39972343
11746440
20937465
52305982
52930752
23931014
7496211
8540454
18552794
32898185
30967529
40795782
57920591
38739742
50303977
53389225
26745888
52137183
55677140
20591759
56439632
26609150
58735077
57852221
61198333
24071488
22494741
38840366
42273854
31048293
29057652
29910695
5297518
43066887
47506774
25875074
4858553
32028571
25270007
40188799
7010567
42781812
26626142
65225263
51032839
18027287
49056916
15135700
54865764
48570876
65977805
38552620
27341555
41350744
31064814
60560705
64272344
49427239
27382318
18226093
47958868
27586978
11823122
39951484
29189748
57008274
41804942
38709406
40253735
54056598
14895426
3357888
33207880
48246307
1393016
66332501
36539595
5277493
30831414
26215157
27365429
53658060
28796902
48425156
52150185
50085978
12698527
6587775
23984265
63791298
34771342
59031250
52628887
41317128
63792407
23861596
6824855
52214891
27798551
43805706
24063724
62250486
31806068
9226361
41592535
59874373
35694610
23919938
16052010
39665600
56414443
7834863
47338362
53280078
52378017
62233956
32148381
59236384
36639541
19507348
6307530
52586800
34652422
1404839
44525469
24242205
32907263
23440210
48914041
51585
47076935
17033869
1218088
56842435
56640212
23425512
29016698
35614362
29114579
34992689
59043903
52514566
19879982
9278745
48243225
7134459
27354643
56467603
35537479
2458525
1287861
5484613
46977366
14171922
9999729
47834012
43922936
18675599
5032942
14605456
40190358
43962284
25015173
43789277
5356703
9934388
8246812
17441556
48807689
29593423
8109965
672362
5609236
43320477
23973098
29054642
56737350
53975057
39762021
39410546
27428755
12129123
12818583
1342550
21292931
52518570
52207064
25825580
24041405
29061284
43210958
35482146
52431367
6610134
44090316
39881047
3817212
27879853
51583106
43454996
53197945
8542259
4730189
868418
41499050
51546237
36426440
25583809
12486351
25555173
46973028
65071671
36539395
37060655
12676398
5710215
401745
52188582
12455128
41430609
32898881
47547875
4541906
46596859
49023596
436441
52743430
60382954
40732427
57008210
47217502
29044333
3739039
28975354
18894310
49589527
4939865
16572218
27731164
44533494
36771704
9539142
29176443
63415369
50051463
64254564
59516042
15912498
20791033
32722916
39106996
44993049
39699317
35881882
7012842
23946485
20865558
55140131
41756790
2663705
30196487
31725644
2013584
39542078
32886660
34290861
38716319
24929439
63500934
20510702
39177346
24971768
57460194
39128298
2112179
61173613
59552343
34941406
36438046
31784441
39345004
30418393
63126281
37871317
60478477
8627442
33126743
34932267
13003764
31280906
24154242
63844930
35853566
55194776
29168516
8902519
31119362
12395854
66150441
66358176
66120320
10906185
61655468
12395949
12422346
54671649
11765610
40886778
31591865
1237316
25528712
33778315
25052561
44892840
6222532
40059578
59143805
41387657
61777969
41041941
54840219
46972695
43304082
42834136
52432664
51284160
11673172
8544690
66117845
44499880
7300197
59734891
34990695
40190381
32897495
14925513
28974619
65224527
32007250
32150394
20889061
28809192
6942635
462318
38839742
13371707
50075798
32617441
9526098
56150815
54363342
30973520
56934615
899031
29118121
49774312
39752021
29140509
66117846
54655485
3392757
22610348
51636306
23427709
31161551
20724748
38373644
6168242
24551903
51531119
36418219
40339426
35298138
4669301
52641261
48989994
24906885
17731841
32250077
13668709
39519474
30393269
2257243
65943759
5712060
24251278
14618091
53000311
31756883
6068092
20208648
53197863
4751998
24560079
20459650
23952599
19544738
44173954
47210441
12292732
39843520
60359911
47293959
43296074
66293818
52839169
28286955
2793648
4953735
32027194
25864367
57524806
54840275
52312044
51250752
50502087
62826401
50164286
12946232
29069389
19741404
41904570
36332489
23261816
36363764
36688586
27534817
16912113
53438590
30762679
39107890
18172995
28569740
25865304
2354305
12644369
18984419
29834052
22274865
43148566
42514603
24998890
24054213
55015893
34995601
39496083
25433659
8499681
39467829
627717
517436
49951693
15313321
47500278
13581593
32153713
8572361
47314033
22737893
40558535
5333579
66116991
51354892
41350747
27020985
14625636
22104637
43108276
46770854
24184239
66117834
9931778
27819248
17785553
52370875
10913514
62812513
20730764
36323464
54163769
44534900
24525378
64190999
37567206
5320086
59209510
14393729
29496064
65368259
24089986
34625522
12395055
30246791
8262631
34181325
56364245
21998953
23991785
29766939
35979606
3320843
15444087
40823634
19105950
65619622
11934465
26937698
15619833
21301672
33242300
34145182
24054452
63416231
6210550
49628051
29572467
38519505
32898145
14805603
48122215
2929191
27507492
3110606
36104607
52449979
50898664
43516060
49645111
36731974
2582643
8246369
12452121
17174711
19283927
39335205
17922873
10180094
2858036
7531242
29083685
31204554
54754176
59739531
39384934
39208452
33982471
28287733
26221449
47338319
64432403
36465749
56936099
36194612
41856927
34111044
46997659
34990733
27414650
32010074
28281547
30292869
3887285
43526174
35204566
25689831
44685367
4192342
46736703
48872877
58492573
51717359
12025944
39519511
53195743
12843381
29094975
32861907
3217516
5973992
7076575
31812149
35827902
2632086
39250128
25565261
32644227
40918498
26153433
27611853
35067481
23434325
16812900
14840996
56162030
29099719
8140766
51571693
36452929
21416103
1354747
3525051
41508511
4360589
19228901
51635910
46718468
5708550
52709220
29217371
1003825
37397464
24917102
57145056
42606710
52762595
30349130
62163600
65230588
3027150
54426620
46379142
12422535
52357580
38570186
29293530
230351
23487389
52431341
37575524
61415000
60517924
63262893
56619175
47459630
29191665
54603394
61786109
53775639
31468589
50678516
35921486
36887670
56384604
51683739
7833037
20479465
35061088
24029355
12814415
42973656
44527902
45356908
61436796
62850819
6969552
33343220
16749464
36608277
32035169
50492961
61200797
49437562
1498025
48899764
66117927
35894655
43823594
41449918
41306623
58110195
24362758
17945315
3957257
43088008
9901724
54750135
25561532
38552534
9959748
34447321
26574782
16459571
38474261
14117961
49312987
30571260
18794749
57390087
19943521
4771243
18571038
13393674
62656334
43179603
19648124
26531226
63269967
29130198
10453927
29162772
15466542
47238898
20740714
9325363
1038636
44225118
21772784
27365444
2969291
51983134
3428292
32704494
8680019
62085734
24010102
66401928
34847722
50014655
17070583
5119995
21093156
56084756
53730551
25390064
35910377
36135768
43181096
1122717
47615578
5665672
62870382
48326404
53603855
63116950
18810793
50496255
429277
45417859
55689701
6728968
52660471
29043477
64356463
60852591
29119169
13619353
7912874
48564502
14836153
4939981
47313907
29601469
60040809
44158411
28319961
43234581
4535751
7331235
51251510
27433623
43821124
61200516
4595376
41871250
4669948
4891613
32292255
20988013
14984164
5702605
63538729
29643942
18878214
59229069
50718242
24015533
55139978
62318897
10780435
2665792
31780793
27494432
43157449
12426586
28041499
19466237
52515953
42893880
59169398
35942199
24635373
43261549
66118152
52518492
55866632
28674751
41438796
3811870
59117882
18723839
63482845
18334374
33214368
35245055
49962182
44858193
52811391
57227315
6506231
22758151
43764659
47861763
29189724
5784261
21819959
11226033
22234422
49679956
2960117
36116108
50022741
12181615
42771367
60397375
50638700
59890054
41951955
36243341
40963217
30852121
53423678
1304177
26489042
32231
4636576
50405930
3457395
63482603
7338985
18342300
14329886
50670075
1276452
24243772
9510147
43283290
33041452
31477255
12181588
27773074
52103230
32026926
7809879
35941917
35758665
31000279
24907318
24068379
18861548
50542969
33562210
24163138
26273660
36294221
31281007
38697725
41334777
8694055
47193295
55440328
20615987
35965159
49926552
63892752
24042103
40776781
31994546
28580099
42834196
37828544
54512970
45357617
17146927
49077080
41147343
61376612
2832752
3152933
24004259
10636751
28928391
5945213
51570102
34598463
2187873
43763227
53908011
53993551
28668713
34777078
38404149
24029791
56818870
49899080
35910348
42089190
23902215
19227940
53195967
64613539
8074695
62276323
7089954
21498105
5727291
34953250
54767940
35969827
27871241
12192816
38530800
58028605
51716730
35472824
24277234
36628404
39155721
739523
12489550
57406450
52689155
50623930
35921304
55582139
47184117
47338577
8575142
31236534
24607215
42984689
37982971
43763385
5725654
66120335
11149056
36526867
13951035
2808951
39292077
14823618
31285229
59266079
41185237
27587192
64284593
19946592
57617446
26382916
24102817
59109988
29098874
50076464
2000235
32703497
43124488
34738868
22265285
41416285
23955805
24042393
41986939
3174591
27127776
2075439
48814600
47475726
1280630
26906458
63152073
34134664
27428790
23936814
7444707
47076878
47295021
7889075
29053128
46856969
15267075
42812040
36287853
42205996
18864493
52441027
8086728
43622616
14918340
63109378
41345590
22872806
61438456
52490675
23475288
36223040
39390368
27380568
23442535
63066080
12352100
25069159
57716929
61053739
4859067
59163086
49610644
17362704
7567624
45160929
25584573
13499393
38302954
53648436
48414131
38719727
26386559
41437896
4529358
24090044
36146672
47477786
35888604
27170807
18920350
55570651
2253608
51196905
1193133
36717071
64346317
43337102
4262688
8854131
3931189
869254
18489972
9951396
54624132
55609832
26590154
48443172
5023058
48908512
12192733
20742691
32732417
59356816
32189754
5032851
47811820
36054400
49056075
52081104
25122628
47459522
24064696
57852985
12474409
1737643
29204793
3655430
30608015
36752848
58399685
36227297
30555803
1329600
66119021
6959258
48213528
26574807
61177232
43671972
42854015
66120156
975634
31180529
1890399
66207892
66120308
63354311
32508621
59110645
11809169
37470615
3590443
63918220
63416338
27582164
20259392
2730293
894423
3761475
26258696
47313947
42717046
43680108
47321166
52893508
23783061
29052618
10350123
58103673
51513918
26625375
49992303
8818487
66120324
22222041
571250
24574415
52030757
22647679
63618308
43920567
32895265
213568
32886837
12452842
53390465
29099085
1687414
4566634
24154337
24061308
3069919
24912541
53155384
214716
38922042
55677204
5329541
28999064
1345247
22231575
43465935
33849591
62458876
64294401
7208408
27684661
24130628
35170728
22818787
65915854
49079857
55354414
40004154
18782855
52452629
55057284
41806342
48443392
14895619
30643406
33088731
26996445
24384478
13555239
12247219
37442742
4918196
64504119
1304166
65890368
61157564
6008339
62644267
8140716
1218704
47338479
63434397
5020345
43652683
31812755
19685768
62846444
50149289
56384417
63375310
39748928
43123165
49864455
38270730
53981829
20987486
4034552
7315862
40461927
47227033
6934263
9543315
52177959
41602581
3981331
56137401
50224606
22002470
53510810
61113354
1842026
53975910
59073021
57894726
28287592
7394470
29607107
56670131
2084667
18576790
23137814
26784011
13246444
40256257
29189030
8140594
12452613
1307253
9605755
55733047
50926859
65555858
5387978
19468678
6239875
3289888
34050798
50628270
42984017
49313407
23987935
24042421
2383166
38679895
14003420
58735257
52407886
53206253
59228858
47013388
3967877
49474391
46194450
45354249
29044510
41890052
29153595
62156192
10090036
18195321
49976997
62437826
24814384
66120037
19737702
49417682
6819034
15112056
12591058
59866694
47459233
29113741
37912764
56249490
28945070
3616691
52177764
36701813
546941
769343
38243626
19447689
1307219
17533734
11410912
37560023
5798996
24495857
36720357
3616818
7583287
38148849
11589494
24028872
61963560
7902661
42192666
26408994
33290841
41424504
62851747
8169458
2791964
37756
28025583
18069090
62417758
48770833
48394509
24911712
28285472
36151890
52177991
24890114
21962100
59509537
47640187
34839184
4647260
5387788
29167840
38718100
18678352
10675897
3930749
25067329
1404939
43107086
15167872
25863649
24973150
28700051
37756750
29113201
24113335
22074706
7393157
50718039
63086069
59524352
9417624
13592669
28645922
34420035
21235795
4510438
23846284
47350827
24071767
357055
43220201
2503847
36612361
58068989
42000315
6809364
28994014
24074641
4579407
53378240
24113376
7149660
59700931
24005555
55333557
48943375
64779470
31130869
2339863
24164451
46770128
52683238
31725559
44143938
29116816
60517281
12411813
59120209
11386332
35299491
61399452
22064456
50993195
35034064
42834251
18183886
33609005
61994400
36066366
52188552
63311318
53993354
52159028
6823784
24164574
34895836
46802686
5783006
37400032
15313453
51291348
11133477
27476513
27328060
5137006
63195116
24071565
61777981
2119026
7190728
41475417
64242056
23274678
15396651
23076720
52591971
56883603
4508329
35190502
18630268
36860453
26553597
42798953
6056282
13904561
43805764
19209326
12427158
29086797
42566520
36382376
17360212
29140284
37729689
34893195
47559410
39397984
745113
47765060
56013306
1632975
42899639
47369382
66117925
41997039
47618996
18992088
31247698
45314056
35801945
49575338
22115410
4445968
42868105
990319
21411986
44073468
24202218
66275464
5033104
41374646
44207302
52676310
10964658
2854123
33495443
3524839
24067218
12426217
10327179
36813644
53046347
55605392
4582952
13080414
31683198
604156
63047814
13589468
9465314
47719302
9226209
58086258
63954464
49920921
15210379
46198497
5794436
23023213
65059467
55129435
6432563
50448355
24929524
28147776
40459787
11170571
30496099
35240384
17970255
23866333
48246445
39454932
34806287
52065011
35684801
12396499
27428731
53497526
6847444
35936410
2926072
28042126
12685078
2422502
23729343
5794163
45346802
39413446
15589439
2559062
41462438
40810237
4382840
41470168
24170167
60471226
60502545
68143
5707010
36315132
36519783
25728171
43529435
3320211
6855420
24102389
44549432
32888598
29044318
35223740
26407868
12207970
34990710
29150375
27449001
20815503
3636242
51105978
47089705
42211392
23637975
35941933
8512666
54340430
32895204
32550915
918289
43635204
2677182
4042564
25264893
49358461
61198062
45366939
44416586
51280869
2946949
28198839
52701895
11764873
48009154
59228724
29660366
12395023
29120509
12429569
51545583
41088200
60361340
1724322
3099413
6909365
57769310
5971990
41553974
43212805
62723728
41462948
11666200
43212020
45265205
56069576
24921620
24495988
31131039
23984322
54623905
27891139
60171288
63543311
66118043
66120341
2974683
60497542
10412202
38204532
290952
2934297
22962846
60481251
5835073
1721605
18267360
48734773
16824870
48910699
55452954
28414439
23895854
12780590
51029268
24418312
35970130
52712498
24758371
8646596
24580275
12407619
55479492
2495705
29103631
48911249
2192537
27817214
4779441
63628535
14270673
47346142
48754233
63821686
63126336
15434796
61177541
49209251
25664937
4578366
53197614
61813324
42854312
27762516
4319699
51078176
29079691
26557438
36863889
17320498
1307964
44565216
66006951
34954464
36662089
623130
32908811
23986760
8791701
33796516
41967475
32861767
23833433
57057021
40189641
60076396
12449558
58745455
3231293
36245572
32066445
22357120
59993934
22638889
24015466
47314096
45389960
43977890
59111524
38839501
23907834
7008009
1160688
48720064
49697049
56143583
46727747
60295131
48791646
35708977
31846270
5711392
7390137
26076192
45412159
24185321
52425426
5048138
16206406
60005908
40369421
5411296
31247123
49864552
30547147
48996683
53693592
4842389
35320851
29204592
46986056
64275401
29081942
32861535
52031730
9364516
65133638
41484141
6040101
35970156
31068380
64313817
24061823
40442508
40680096
7215829
17801786
24141051
7671786
58157375
22065648
52705283
22238567
3885573
16201084
27404995
8923776
56772921
23002680
45556789
43451979
29150275
31383773
22105500
55276183
59499079
24042142
4262559
27566063
8200980
4315855
25714987
48449420
64654504
37930070
41351750
43086446
1394575
46586736
8140901
24164507
44050082
5337542
24186181
26915784
47120677
29114071
35769202
17926828
56365055
38193117
36437955
46833780
39477020
53334881
24160599
3102512
12249447
5707203
26473204
57827523
62851091
51607685
47321135
48935516
3240757
55753088
547482
50085311
1361070
36736219
38456834
29044418
26732631
24086194
34992530
41155542
41299428
33499564
52028952
59174398
36607070
8140820
51018950
32898245
43286838
36246492
26841304
39888782
39855954
31732355
31866393
52491019
47928854
55500247
37982024
24917526
47405998
47287725
18614700
5606012
60413927
27125894
44166739
45238955
22038550
38216084
38962125
32346977
57509467
26954030
39951172
24917184
907567
61562335
38373596
35567675
58962295
30815897
32302430
23687893
28843568
42155427
25734022
5213082
44192871
53372256
2854570
6040460
61173536
24917139
338741
51385561
12524546
38244003
34357079
52503515
27031615
31370293
13295159
13091725
1308430
56493569
39910077
12192083
51664649
60298874
60873941
42223811
2943149
32897832
44776565
5043579
30864013
41892498
31564248
5470262
47338400
56543471
22265270
53264463
24673229
10290143
24184111
64524066
46184862
42710132
40880527
66120344
36267700
36244062
35994420
24049179
43955007
35005940
50638861
28003563
24929490
60894183
45335446
53833395
50666566
21011554
56944145
29143101
43513026
60120940
43598441
48306114
38493794
65172749
59640462
37730514
47994253
27192215
36644701
41439013
44856629
2505296
143494
29066454
9971279
45434306
55765726
45356160
2404103
1017015
52233086
20741092
15911490
12175763
30319293
37258010
49502338
24064793
27171113
24071548
7739700
36709936
4444802
9069638
31707918
33764963
33832295
27466276
3381680
33300892
33305386
7111967
19914223
57405497
46823872
22170824
33991460
24652387
23864948
47379113
47555900
26514644
24195630
29458575
41636901
60458790
32012722
24922031
3667835
14484109
3109294
19215916
3318542
30238511
41738918
55596597
41610981
38583401
57287159
54018530
51613973
47337980
23974919
6334397
52816055
11122803
11891807
47238690
2871703
27404092
77495
33677482
14641276
39034397
31549349
33079684
42006368
4568788
30955231
7375737
45417850
1507358
32026982
47019215
9490392
21718226
12941496
28847104
50493670
35486049
7107715
37484710
22221633
27410601
37677391
54024736
41344771
20940397
8029210
38715645
46989403
33019435
30538986
42689474
48243517
42850886
66117853
36206530
54722468
784422
46975083
30387142
53489348
1710470
43374132
38372851
36206567
66117922
56891492
12178476
4167051
60188241
51779501
44004064
18347898
32638270
24074983
27969026
50611188
59484697
3362578
21214161
512306
64277686
49480133
595905
32895407
20333390
32898086
1307153
55716987
11596922
20177938
13398810
28562249
25124801
1228714
41883917
34568713
56673526
60801847
33086851
40816733
29153597
45714500
55843409
34952711
13321865
2387904
46974534
39724018
15353249
40854197
52591739
39373105
13035523
26595776
23441449
34693835
21130898
56319123
29198865
5323172
40807349
52273576
38624540
43033269
27774240
12293228
4906655
7161275
59398250
42158218
38365580
41747372
41416833
10637267
3047357
51072410
51716991
1357717
25190557
35835353
41591599
25066184
22558156
33501132
7816677
1304135
60199786
37397732
12684986
6069366
38581478
42517571
27452136
49311594
16919302
36940508
29168670
1363550
62854550
51628258
38803137
14584084
43023268
37430730
45632423
10297261
47124379
41409826
58741173
19756787
66117936
2171572
34334574
55968560
43023304
46585910
33536110
66117843
1925069
25855930
55907350
4101100
53545084
384058
20525422
61409388
50971251
8703036
24201529
29065367
9947954
49586452
41693487
23430027
25051868
20498278
24015686
27485602
36423953
2600609
34417534
13701585
60928812
31834178
63528041
66117011
66210416
43179790
45356770
17175018
59120752
34228657
40713615
23200960
14742900
4922500
26743938
27504512
37144903
29162195
9671314
51437784
43645678
39177370
42211615
5583272
2176646
34990682
4380008
24025645
55378673
28622208
8733133
21104693
13103371
22167347
63639663
47339824
23101663
23292464
5199340
61267937
50692601
4328314
18920282
44135577
24316797
22682284
29044288
30551328
41590030
33416304
29157754
56416029
60058474
54891865
32183693
23980233
11299985
28194520
48610904
63978177
23998106
24062045
36136029
30661317
25394018
56852883
46740378
51546103
39771284
896418
35515647
5385762
39355287
45133419
29074367
6432231
63426793
52431147
23700292
53227713
46253923
51585932
64962373
36206157
34141600
32543576
13058340
35431069
36291894
24255144
33052413
4774792
50525301
64572180
24068296
52409492
19737609
33074355
5869169
38639541
30545430
36106169
3906954
66117939
39811139
20456262
21030892
13433031
38716511
28535670
47196221
54865701
32862232
14046009
53663370
41733442
12781687
43862047
27504447
12684781
41618625
50711128
28438920
62432176
9711215
43601478
41801186
30777214
23270673
7483235
7768368
13552194
47322492
29220542
3646331
15579124
39728907
45553249
24525338
47898
63909747
44423488
42428992
36314303
24203790
52083034
29141984
35117356
48606092
46618615
380483
35538022
46268924
31875840
45265055
56343419
48890989
29018041
39420825
7324896
47530037
7288365
37540230
7012695
19968885
64200284
24759553
987842
10649471
24398969
36764574
50719661
9634380
42851745
4075350
57856341
51992104
239192
31079163
52713082
39755211
61445133
41507755
27582875
2438912
41350054
8356148
17114440
18737038
17130842
66117923
31541562
43339025
27365463
48595482
5911869
5986032
58826727
4586419
66117928
37140135
63420251
24113161
65663844
50493800
38058384
65409738
26565452
51388943
44116507
59598334
24068248
25927192
23737600
63399510
64032711
66120315
60105328
18697460
2196896
64001887
61979516
5807443
9052778
38841187
39523213
31420564
5127727
24064707
2845063
17522437
40902506
6225097
36860193
2814555
6076163
7999300
2163619
38000361
27582139
3488774
15755558
62288535
51183349
63757047
2574684
20234656
24331485
48883675
35109985
1306792
19866061
12829045
28535375
17956052
63757146
37469644
40323719
8255368
546681
35806948
41948051
3421031
41871222
43164722
29396518
2993227
39205012
28149428
55708583
12470934
28131190
43880718
5022347
42054492
32895189
1015524
42243944
29799136
4455069
49732866
7057509
66121645
30539373
44355404
14896160
25970664
9253629
38645426
55868117
52913000
2061781
282411
42173281
30775339
38790917
29893954
24117083
32907706
20051686
2882777
24071800
63263090
31014255
2572948
48403841
10406160
8140965
66120028
58253440
29432211
60300948
27365450
51546135
10083841
31272128
5147371
30007467
3369198
32194947
13073577
1690629
10636896
50975229
4708319
372912
46675704
54964405
3672006
23696424
49976728
15686631
34795838
7484155
36116573
61012696
32172667
7404943
42850961
31796544
29017542
50372079
27416052
43143676
37650491
29493597
3955565
1241841
32315186
12181745
49174105
2894640
25428994
24025566
11684102
19997053
1709941
8774977
57429823
6620794
29804228
39221843
46798602
8904851
36562635
57492453
48103162
1395130
34522422
44135130
65905757
24102593
47404932
47298216
61052148
49159694
60599365
1111427
37419003
42377508
14895294
65214192
4344888
3308320
22047716
43295582
43307135
42997272
35360717
52898184
56910628
526129
25851538
31151447
59640243
4842997
30624237
7487243
46178283
8443980
5477834
35854947
31980969
40304623
31547517
410048
41438553
3737245
25437654
3017534
49214691
36377592
63426807
56364469
44160985
12955561
2853796
52892296
39496785
47013875
36284266
30557017
30348083
24359842
35626063
52694278
965437
12181624
60610714
42700392
41396720
21977909
44848561
56247118
6027296
29086703
43159992
12640834
29151250
5756086
47834533
50694094
29122465
25701115
24113314
59080457
43101720
64638451
41337587
5012995
41806327
1618731
58209468
18875656
7184398
26731762
41703947
3556548
43738124
29064930
50285403
34757706
9126454
24085425
51113269
63527911
46337151
6833563
62877718
8512715
42867691
46186233
55003473
54570605
29696466
8682974
39886707
24195228
49215545
41047885
50166172
5170858
9473497
51143957
65214371
6938992
51751607
30277604
1326011
9224615
14085294
66120303
20720320
9141944
28156864
12532921
36884640
39685744
18255341
5710566
14432642
20898863
57142208
52675093
18856625
23576525
16174369
60435531
49823915
48456135
16102609
36678364
25865134
54727972
44977133
15428423
21469278
63426761
53976504
3595889
43425019
51904444
44170932
54260282
24635026
36146646
32319372
3570630
37647146
61105989
5246515
18267444
19501826
20765121
34625430
60804956
7147477
51816078
61200659
35020895
1332036
30854576
40323152
476208
23973050
4800262
41470166
36647115
5877466
43440792
41408450
30545276
56658038
8000601
3030955
9098369
62150384
29766814
46659246
33041255
65009010
56717969
38789698
24218953
42663755
43320471
21384496
21564836
47729851
17926706
29138831
29081578
63593962
66107868
7446930
19553006
971311
50971863
3478897
48640408
50224351
33389875
5916228
29095079
36645194
33041276
43197191
11357115
40835702
1219623
3956735
48780637
10615328
40953562
42302743
19043014
43958364
47218452
31763139
681214
25952902
29083351
61952806
7071029
66120026
22683502
63644307
29158067
23627870
18095311
44428879
36880510
3522866
1470315
50405863
66120342
41423270
42052579
3887046
44152621
32889496
23972413
12469163
50741654
39496014
36033051
34043884
2552139
51559953
23463247
981507
55853150
33249682
23534607
33311408
46906831
13771804
19817099
50934886
27582082
7182044
29083576
47353075
23747997
27587236
8235224
7242765
9844938
32322062
52950905
2911088
5793883
21055689
32142060
30207376
32766964
36763969
27625287
63854472
59462403
58416666
27659267
31832503
25548720
530435
5229225
31545116
19472365
2684847
36333327
56554312
27877733
7044236
52980733
33884770
13052348
700994
52676292
29964215
58928064
35826271
64997813
29415793
29072509
4000508
29002205
24029329
39283462
31211971
26047120
29053161
41335668
26048239
25840756
66402743
29244957
43058675
3271638
55762336
7566281
29115062
55278971
24525398
55089133
53345483
8468539
19076603
21262862
41525871
39088565
3604926
8933701
54964919
36324437
51883393
51370059
30547055
15176533
25656577
40218761
41892643
31000362
626551
17659202
36727562
30425210
66367863
5945703
38014417
15955146
33041129
24910007
42491443
43110288
12428216
42086744
50741408
47545898
40218332
53831460
59531194
40492688
56514913
45062226
12266447
24039826
53983554
39976437
1222392
3894736
65740410
4176985
43033806
18322828
23613064
3256255
4800480
36377580
8734931
2600548
24906910
43303870
23997407
19399826
15273780
8570136
34392973
30872437
47076827
10975448
30636171
63205598
62114142
5475445
49804016
18770954
44990825
25953161
41730650
27547737
22221819
49638254
5665743
46179747
41418099
4315178
65224094
29143200
615613
26295450
8247557
7914563
56972517
3018000
8206998
58871091
60105432
15340220
15254888
18684427
51546190
39913415
25829168
24138331
55139946
31468547
11016424
52575400
51108671
40010913
13721465
45283387
5716383
47861243
28256393
1771649
1354778
40288581
19640808
52769960
1828843
4080764
55047064
11846325
1079155
24130646
36858622
45076133
61200415
52677139
36431448
5212987
17096233
37829914
42007019
24113468
33745191
56136020
41772385
38365489
12481554
18035458
43711504
46418944
66120004
29119706
43805145
65223081
28535631
10096046
49833623
12394962
45097653
42218927
7343899
38573287
40210315
51048316
6931501
29579975
17130499
29130108
1773999
65868773
57050824
49173975
6424112
50808202
1218060
27114893
43591819
29204688
14743109
5239725
41656236
41430247
7339773
4394537
52113996
44795829
2372849
43271864
23760080
39774352
58696374
52514598
11859939
42045297
54010214
47313900
15684856
65000506
22586003
50697113
38382971
11353578
52135509
36654707
3906979
24054343
21224368
44330691
309668
20407479
2865581
1725034
25571611
36534074
1269342
44127248
44181490
2307951
29133478
52542413
23564528
16882756
24153840
26209097
39355285
50244223
54423173
52539748
23897114
60665102
10637255
24024473
42007752
34911923
28870392
52047310
32861797
29174750
48044222
29105348
56996659
59902276
28843139
39738748
32026907
46877253
29200790
1194742
56261748
25816525
40969947
45246494
28535544
10652423
50798387
54990498
36831986
50163796
17203852
12452559
24296258
51229082
29046229
54882814
19470142
8166212
24783236
37184774
31611580
3043522
28618274
54067002
651866
44507300
62866211
43483235
1392566
2134472
18488724
45212603
3207813
3324503
10636683
37389348
64599648
45272194
34953680
66119997
3093788
31453991
50936041
64230670
61932389
41219040
32895712
9480564
32028515
24525312
26973896
19101894
29065311
6428173
20639681
33206811
5531823
42240798
3626202
49898627
53195741
3207597
6607388
24006941
59164063
36176972
62169292
14706431
3433363
34581337
42554303
47314162
12175797
32895905
21986215
33623200
21669170
7268366
42854349
741982
61110558
8822327
20433259
29152003
17906663
36801612
51583153
43356298
29848191
41401430
14396569
20182019
35237497
1308594
45354744
4524989
6564818
44185985
39495948
32226790
20323864
5804387
29156380
497463
51372812
20009318
1307996
56150663
66313303
38706592
9037739
37532968
45711069
24049212
53928085
39867139
9268399
2000159
1707358
61452366
27290579
1637326
23158306
42061333
3746665
59476481
52766145
13111370
48337768
47586542
66120158
1801642
144638
65390634
2263800
23565246
52417130
38095870
46395589
43472763
46675897
38093605
29053637
59209368
3009461
36424407
54435130
29191442
5807865
59926133
36485000
17359
8387300
32887832
52992681
5928036
526810
24310266
4942514
59210261
47099090
47335438
40461783
12291275
24916986
19510641
61608715
41562046
63216348
5218918
32327848
22619837
17789148
31450143
24159119
41266139
26912003
11704671
30031226
59137467
4291497
7135063
3595182
49835687
33041097
7850991
23741638
28397094
3492099
47059498
42636936
63151963
56998279
42257024
65233542
27274947
24917037
19737683
48651746
27587026
33206772
57819333
31968467
33384563
1523836
37841716
21756674
56744697
10702861
66120348
2993189
58935404
36400218
50508724
10441744
32152426
59659
57939376
42865768
3795574
3922671
708393
18257698
15121149
47337954
64254183
7008224
32163330
31443469
32475572
40301861
30929424
4615673
2635969
60046788
2418549
53372049
16799965
37252065
22265257
41497515
2399825
3027999
8232439
34190448
7012918
1996313
20991877
22900258
64148456
7123359
42127047
335006
34972155
24153846
33482131
29105896
16792634
670651
12206060
36953981
29204750
1587423
2213698
37004262
36540124
60739603
2890860
41391074
1935029
25995578
41740511
32919140
19073805
23964077
3739534
44108210
27264983
28535640
12394969
54549946
50109833
36151480
5415620
23964067
47404927
42052720
24169980
21761804
50112434
22221471
37722897
29271925
22065079
46322090
10575073
37383480
3538538
47246069
51283246
15752391
48459766
49667901
22931321
56739231
53222042
29191811
5600102
41081353
22546763
19883998
5984323
66119020
46536234
37117086
40860057
39717905
5605286
43375023
18325713
2681772
39889016
64117430
24049607
40510866
25204337
220086
11514448
53000792
36624804
24596541
30113375
57412921
47365898
8242279
5073257
49143830
50112111
24009451
30680313
64762240
36126933
38565108
54108703
3117243
48060817
30775939
24138642
2847785
37502897
64095131
27404163
52642093
24038771
32897261
5171928
45542120
50695588
51018375
55038506
48872453
12979881
46379849
57817497
13093371
24923087
598896
29848391
17610801
7420147
5421995
24029298
2672960
20767041
38840944
22548469
35327115
51531012
36529963
31068467
55372781
49216910
1354806
2635398
21003419
2102889
27983290
56264897
584764
32027835
51032851
4138574
51093426
54590808
535399
52232306
28556447
29053155
32894975
3231286
30722550
3329184
46289418
29202905
34972126
38642551
49209450
12249078
8558933
47298983
34365615
24029663
28173691
44247137
29072080
48382164
29245419
33372415
39194920
51531114
45212564
33207711
64076783
15002469
6247444
61542448
50882861
29068739
5807337
7921358
21540671
38840458
25446254
11975074
53929760
47347318
28535647
29444022
32379020
10263632
53981508
3684908
7173304
54051955
35941864
64191744
59595588
10636880
24170297
23961558
60906727
24074773
24170041
1305257
2384714
41470819
589702
24015669
926719
49868082
18525609
35826314
24857676
30974343
53943050
43181386
14149
667820
27457478
20881952
48114337
27361115
324892
53246373
28645908
41498671
28236833
5911273
49974370
5330317
55709333
63246911
40254195
34334596
56249115
63785365
7391157
50172033
42314971
41498921
19306425
33614183
60414503
7542929
24640685
35020724
9037734
52949421
32899603
38409758
31887851
12981566
5799015
37260877
8969616
62163519
3764158
41520008
36208836
41349867
53595374
31477270
6568100
8418434
61496769
45100852
29043268
10829101
45576173
60336858
5556698
36706003
41549472
12051996
7175938
25174338
21575571
17926807
22652533
3056586
48600501
52167769
2885830
8886491
10285827
26991852
1308537
48884719
3047277
46235085
56130129
27283796
1853360
44252012
36114406
32895449
9050514
52462320
50796866
48516085
43212951
17367047
51109542
37059519
2855037
54979200
5948698
50775202
26531370
44067674
12890336
506952
32249566
23984295
47045980
52454184
28268897
60878447
12430354
33331753
22061438
3539431
6225747
31861587
10386646
62418359
35625142
53592821
20833872
36167445
52103199
9594932
26048161
32893646
14175377
61193545
4118891
56136082
50898643
28305659
18824200
61323405
31000395
6055706
42932404
23566760
4797637
46969591
29438529
42466798
48248666
38233471
61012642
59135357
42156239
5929881
51029967
64178827
39803551
51729308
2961384
33038307
12817908
1355744
32862036
63764149
50222235
53124712
6823515
16234145
30010803
29078333
32908863
4305999
54988756
59158928
45077513
3196534
2425103
55761745
38038136
25790018
22576164
6732789
55711256
60132093
27058985
32538650
27587057
29016789
44263842
42342441
7805210
63390184
34088077
30949433
32028441
59462101
7805524
32893950
36002236
31705311
9916894
31626929
1404049
60136873
41327119
56748953
2604012
32552228
8881327
23980191
53977558
7375667
45672773
3442916
22378467
44152368
45636680
23040565
47338444
44422146
60254007
38838312
5805426
4669894
49049710
32964319
12350644
51717115
47027943
19013180
31761374
34433785
24887386
50168864
7033071
9070120
23715600
53323601
44306897
3494597
51873294
43149910
38762384
29113470
27360548
19357593
10296351
35525342
39747716
36243060
12791167
16912075
31548242
1523865
24038143
16231744
12473901
54769668
64474425
23830829
38238175
38841230
50899012
5800148
55291171
46573047
57813731
47653712
19506131
40920391
34924633
16369799
43163123
49980767
65005377
49344626
19588349
4007103
47338344
3556820
31343537
40505725
1003460
36206553
51274600
43419659
32422765
31866359
44065362
5808257
27191996
6154656
8565941
48079323
37937689
35686044
35901016
63042020
62312220
2732936
13292211
44136423
1705090
53305107
45141358
45470709
59119877
32422359
47346237
48188232
40537510
11990307
18158188
6812792
52784141
25074205
55493327
35241092
29066970
40492458
56648960
49580614
44008551
53673911
26126145
55337662
14565861
4149803
43544528
24164798
31470545
39425412
10959302
31608140
22266049
36208272
60336839
29186766
56502308
843495
60078788
25030114
7208464
53046782
42021283
39783577
32284147
51197039
5665678
557034
52652906
41315123
29144417
45184971
28003447
4878825
13633020
36174793
31496014
27587000
49913209
43995361
2418326
31607430
40210353
59507628
300767
32894995
47056732
37156799
29174884
53382456
51906406
17374353
45340582
40895907
37505424
1015503
35003819
6681158
43095807
9698599
57129885
18256402
4146237
16056281
23415943
32148988
61200702
39314408
15911714
2479279
23685171
8266547
19771440
239932
3886626
37686149
41068796
6709660
37748751
52590602
36814484
54623618
20470928
30876250
17404339
63868476
27676869
14570990
4771254
44266467
52188433
29151189
42634865
55257335
56095391
29078595
28842009
34695828
24005005
26114440
24015648
56439990
27414675
29084008
2851793
62974024
59998133
21551765
8003006
50846756
37739466
36608191
59885828
19633513
49512790
38772393
25699169
13648032
63720415
35887909
44561196
60182937
31538311
59488813
8940871
56111816
37924464
21250613
44819392
54545064
57390255
7158762
22518968
41320635
30258874
51530746
36833556
15113328
35873008
38642507
49628633
46716525
60517240
3240880
24525916
8349511
25151882
30250127
162248
1331672
5213788
25369222
9202353
32144222
14101849
48029263
45212638
8558832
12676526
38367010
28245782
4435788
318375
51690222
47687184
50178856
24260
66309409
64435452
29085425
41345337
64257249
35556751
3009761
33041465
31890084
13628739
46527639
66380184
21440138
49704848
53974731
50389996
29175201
6432880
47728148
29480818
15961011
45247803
46974923
8140705
23979491
26107908
10048976
24015328
27065133
4061454
11760777
17811510
29081644
60452934
25864380
1979458
9996178
46756537
8442883
7323724
2034426
1923487
55035466
44606771
19245210
52371291
62613485
19382441
305866
47345963
29420271
24024513
28131227
60470394
27395460
4856818
26295888
58039507
58448136
38206860
10438530
29044075
21148082
32908399
36841861
53362551
31468561
27536197
41416771
12397615
66120007
26218910
32027185
60337696
40018384
3595109
63528555
20234071
23472097
36954212
32342067
7243644
45522340
32027202
44262165
43198707
8154492
29783359
30349025
29121452
14869941
4282583
53445471
2799359
64215123
5423193
48173208
24481771
27434921
26583533
35492706
39418289
24761067
54205364
37300881
41492490
33207873
48207491
9673215
11978721
1129363
5727288
59089916
25865014
10436191
24740617
47459658
17522525
53196053
8889673
21607253
32028378
29155237
59866524
29078504
29189344
19746188
47125795
33558781
6707312
1693032
38251614
21309402
23428349
45418087
48698068
29096364
38361305
15273785
24067253
1002001
66117945
10564145
50369776
52763443
43916098
32575729
37097255
29176585
8542604
7107459
48531285
24049148
1085284
54276400
22265262
42536410
25069453
61173708
39436435
13043585
27155831
51062841
36703035
32899821
64910447
66120314
22265276
12483104
5289073
25087264
12444909
63996901
13542210
32908147
41339299
12491465
33851303
49865306
63851752
29081951
44295696
30653079
9032593
50285398
4771813
16898336
52441196
40697169
161692
31761405
7016804
29053860
22937108
1404322
41790487
50563162
37795044
1015516
51033864
16085060
21365064
32887483
29526381
31664827
36248585
51717427
12685060
7299987
44737965
41584630
14188014
12497591
1342839
249917
3606095
53976662
54066754
6077981
39886833
57057383
17702430
25864415
43472616
19715859
38642593
24932445
3170807
29383277
5306068
15174722
14886126
44199821
62156236
28535511
1173234
42418569
37966
41808103
59068400
48488221
29400035
55517232
35873383
3021964
31014685
21019620
22334813
39837329
34843422
42698739
32226030
3547410
225564
32028429
66117937
29175314
17229558
9788548
29687964
42850812
31839427
59507434
60345235
52992282
52167605
23988181
12248482
663536
62801099
40185021
30692209
55940496
66117929
41088812
27178237
23796756
27449591
34638133
22002844
3349824
29987055
41407093
43394643
66118140
42546262
35942687
63415370
5113197
23904162
10974993
27587282
9367758
24081461
41396257
29069110
1999935
3456577
57785797
60323958
40720969
24060186
24726564
41929808
36720097
24071785
9038054
1211713
25787010
38244567
29052515
35691697
29136228
32907684
48432159
50159920
14496511
48350012
57823270
60027894
51717069
50075553
19858843
23387047
57230349
43159032
46880798
53922721
18767507
62372701
17003920
23852678
48026881
38203437
1095723
43699624
35549870
53424930
22717433
32898514
29174951
43078316
42579557
24915494
64021882
4767268
41337245
27587176
12757243
35969553
24525360
3594848
12850322
7934505
33063560
10195947
24765513
52454289
1338249
5269894
24366489
52690093
23219527
43937978
29038801
43128457
34787171
24117447
33608075
65613872
36208322
36438027
6085520
49120788
22463721
47603880
42417049
352440
33038134
43134885
29040424
55091377
52188592
61872489
7185853
43052546
40302527
48873561
35936201
29133092
18256224
45542148
29061259
50529569
43123566
60107729
32292571
59415481
65232419
66065115
45293444
29127804
66120020
52451658
49529844
19175262
48434015
24085310
47337985
41148372
63018941
27350862
10850215
53382594
24303323
24733819
25655665
1632304
24074768
56448207
2435628
62496372
39299110
11086111
43961514
23505462
41541033
43280988
66138588
30366476
51555159
47741396
27428495
13995260
39662537
66323714
59141364
53001268
24782381
30777410
14725566
12380866
31000928
53475095
41492517
4508665
37874246
37741052
61200567
48865206
37012989
8115609
12408891
45553110
15856716
63869388
9037013
61200820
37155435
5807118
13259148
29044259
59406762
57903488
27428701
9163519
42410632
18744906
34415998
36198997
18820951
65601884
27476409
15579883
19879997
12676239
52517786
2190680
1303719
22924203
25827014
36747453
3567024
23994665
56368307
43204441
17700713
7046953
25515055
52591875
32898686
31980528
61173663
24126219
17086552
24907124
40492311
29081260
55146607
3099561
62708067
9160686
48478997
35906272
9496636
59119047
34873736
15769950
44990646
20067710
3992245
24915584
54009873
31477178
27416080
27192034
3955326
51299112
55267214
10612575
8679082
38769523
58297722
49680385
34430993
27974263
6515308
3595044
56043331
5586315
32861930
32908556
27475755
24760967
64966638
47285301
39472337
1448266
6869616
7191761
7231902
41810045
30476919
32146058
2000291
41079682
28625798
42350915
1269334
32894944
36206925
44435867
41323795
51933682
34847815
4168725
36437960
55724389
41796306
39822370
58529242
56637843
20259211
54133928
11975908
30872874
55677099
1339607
57030151
25210637
20426267
50942773
5073668
14155851
9672360
54480151
1006247
30775327
3241090
27449613
43214966
59527777
3408792
64670297
3428333
13489798
66277294
10979384
16825406
23971246
52708944
47381489
42121122
26659905
44617885
30483914
38426064
31789757
60188255
24917021
31863293
30722081
23530779
61750393
1330314
24005651
43388847
57438181
42207219
62049212
11151228
3374106
6491905
49092339
4492090
7852101
234043
22265292
50450153
59429420
2847
52135677
59302882
45356512
35898286
57524902
8897645
30543023
18777676
2443962
9037193
23903060
607602
22002733
28318545
29166506
399783
24626791
21572005
30888243
66117840
24041642
47379619
51257739
894383
55172040
40099965
27557100
47337988
35910329
39073605
30854790
29158280
41897656
45191834
39918610
1732446
24870909
3965699
50706881
46654041
22636718
28362745
1307937
14533960
11500088
49716208
2930127
41657230
18723768
24160662
56677500
9638038
23091085
25890170
33774782
9729987
29175371
671836
12992258
3841809
5743791
36174887
32438165
33054518
18509507
24004396
55658876
50245314
1632155
5729707
44153787
25864396
32652755
1170208
15307708
41720192
32861867
64523928
62049168
47028863
49631085
56086254
55462754
41200660
816308
18730211
63775749
9992091
38421275
45671515
27473699
12312985
34954231
29129556
10177217
16175207
2375432
3667727
48451830
17469653
46685131
25557759
42481999
53011381
51662908
29113158
32379040
4328425
46751397
25069421
50913613
26166983
3524831
17768882
19367721
46913778
38372681
18267399
48187872
29998620
40295881
20450692
58654839
58900835
7531405
1138203
64588807
54767602
63362056
5798127
53350640
50725953
51636592
2380267
48212068
40460800
29355584
53713450
50623162
47187157
23955882
47338315
3133198
24010256
45379911
356897
19219111
50709508
25376527
61200594
28953903
31000379
24083768
54575180
23488929
38569757
30558488
61135061
18021886
36330680
1941101
29141685
25864377
36185918
58617960
11805166
51703768
24105989
14032251
66120001
23698276
51618003
29044551
47338016
54071347
4129024
421180
66119998
540975
44251227
48249429
33677320
36311077
29372419
65648399
38840984
43355212
539171
39910196
54140293
16924351
15611080
24113572
53243813
47111802
59319255
47404893
44890081
47175561
8496558
30557088
28844421
32894570
4547150
59675403
10355432
43204800
12376566
23545713
8865755
53927456
22288198
19742565
58610245
26973772
24310420
32894178
56132100
13504122
24912517
9257969
27587037
36377558
31403638
48395663
43230215
41159629
36901669
38819330
39409841
51406990
23624213
61164195
23968423
23325974
1148182
32756959
53967126
25702837
1212575
16777560
24038406
21062492
3562235
27461937
44854724
7861516
61273305
9622737
42792604
35005165
14200419
18506707
5727354
36489099
17609060
7238141
43741212
36439600
56038615
12395049
63858415
43471874
50149154
11961020
36206176
16898431
38178766
8262458
56085814
2178673
65631681
57065860
29121124
6306961
63561751
39107573
31133542
30139826
2883450
3095628
61365429
24917291
52169467
39292946
65086410
22342527
18256095
32908161
4508451
38642628
42998906
23492946
38836545
59120774
55990024
63873250
2987861
54374343
40113114
29225385
53982680
37303297
41816105
27404106
47503023
7830068
34725317
39481928
30008197
24108810
18707195
38214286
31563607
5740934
31761350
46898515
43534563
52120125
32907195
50809900
1894789
49577446
25864353
38028100
23991848
7773701
23549662
8680198
25317280
28535464
24060293
63426858
42425195
11768984
13634584
29058058
55012636
22327409
58551418
35539492
33207671
64387053
51499027
40482687
1425915
43922835
25864419
49126190
1158648
52747601
574813
11513823
4129215
5052451
34487568
23991809
3429671
40188397
61200842
1819953
12394946
39344776
44012968
29189416
39495491
24194115
31951840
31320788
5023103
54423115
4680954
7323844
13252731
48621406
66117014
25875009
31374076
29216114
5804664
66340636
21115217
63427753
12435870
2375605
48338041
57051715
53995031
3863018
3739167
38585703
57141019
29162502
38431313
22993466
42711565
41135919
49872445
6574343
3084510
13550278
32022847
46746652
56137727
24102837
51584601
27577115
36467187
32152842
53513610
60356370
28278054
11846485
25836356
4943793
2569229
23382482
35281749
36151958
12680161
26048173
20038399
41997114
58632997
39898079
4750907
43124491
33038200
11256072
43215141
63484717
45335957
17953830
41966234
35194922
44512677
2784150
52187205
37577756
24004325
26538573
43230190
38531016
40817179
29801453
30000449
1002569
52056022
4478870
44262069
1330323
23565342
29080921
8708701
50779981
29203196
22918538
24244308
24054463
59306399
44209062
23820003
3007831
8641802
27415595
39826594
2300177
13611921
44310980
66118146
51186335
37871481
27395323
29113440
11946316
31066134
65974191
7045255
35678591
55119537
25099668
42979434
25061445
5263023
53976433
17083710
40492476
48368613
40746674
8822166
7004277
2920650
56130036
20111624
7339496
61132432
17788857
36208314
24037473
6978624
43116701
55734640
43130839
4808917
42267494
1248789
62022998
40836633
22816519
26860480
22675274
23144432
20190916
34990691
58443426
46625116
36315568
53468925
62901014
52124890
29133953
52266730
54866311
60193658
30775308
41741825
3191598
23971278
20901241
29120581
15025350
2071881
46637978
11308131
29095875
31450140
55189119
10067713
66172066
33117154
24102298
48381287
43828124
44172066
36916172
52679654
44992012
41790375
53433754
66118150
50061615
28601695
8313471
39972162
45358815
22789020
58095191
53246418
41468969
50539618
54597061
60932401
15146819
20553665
51266007
43107239
35361143
1015525
57891849
31852776
42333885
55910569
39137817
24139013
46374930
12850082
1029360
62972426
9002782
26786784
66218485
6097020
35826691
6810798
34983014
31070659
24054200
24067403
60626261
39894394
48153428
43883050
37278613
5172210
50258835
63123729
18600501
53246305
22047409
41766062
46339045
54082630
43135433
53238055
59079227
26159721
14554705
62897499
9734640
59121001
22222493
30550850
57920064
52835888
42679804
37419494
19471340
61378476
49268020
7268771
66163600
60408043
12953699
5760469
6069057
33142270
38638262
15247104
53938868
29113500
43044099
24004655
15905489
18834415
3893898
479974
47076981
48188147
23431531
52360069
29244479
33962378
52949025
45574168
3985400
22288551
33788122
14101118
48218058
14316663
39162667
65730347
43163940
36365753
54267379
1961263
12775061
30496154
24678730
2520840
17243150
63421678
54986545
31069264
44080154
63111614
11150926
28167276
44404169
53999414
35936881
51407610
13683913
32908171
65545027
43454931
26219844
47727458
21890226
43433839
61186693
38839568
63077055
5227340
52651001
45646575
36703189
4794420
59929452
64340020
57899579
1311275
40732535
52544358
51838753
51537126
66116976
25086317
36911225
30148337
29189351
24102447
24003759
10849165
22818891
41583483
28200268
43108534
27587265
62764678
5394171
51199844
52047512
45341064
6999696
2764689
52257877
4166292
41638849
7490550
15981683
57530305
63963962
7893696
54120894
19574200
1707338
35970982
25864388
41892770
29079528
8222151
60097497
47459482
10532143
3419815
33094156
4131587
20199519
38836655
47108436
35062888
52214932
60378114
36963695
29143017
36539297
66118151
36608183
2745
5212740
24029822
66039048
24029240
5270839
9796117
55315518
39030931
24966301
5798749
1161423
51198268
18086930
29133824
18723874
24054161
40492376
38695496
60363711
50347841
51114507
66182989
357418
15558194
29154956
2799421
46625317
5599146
29151842
10636674
16268470
45228268
32895728
24061935
30409181
53903530
3525921
42936975
36703157
24760587
18889259
42013458
47338054
24029917
29152393
56869973
18916895
42460092
232224
894431
4262596
39598882
7335562
4918169
66117019
14888522
10639007
24596085
50400269
33152122
41810694
23972214
24262010
44507265
7964216
47948580
39784172
44551119
29189213
12380109
7819228
7850080
7112761
26905306
61200781
24933642
58516416
9670448
36472208
22851540
50763904
1096055
41525850
407239
42850723
37146166
22175401
4705281
21849546
9873480
15722172
63423859
42604741
29426
65159998
44335375
10636770
42721876
21772258
5541630
7800355
1727530
38839527
37255033
27678061
42098686
50451008
49184684
55302470
2251618
517348
10636722
28138575
53147668
58373933
33546649
6005931
22810724
1609089
20976840
37396770
39972884
13433761
1311835
22637724
53414280
22637207
28370519
33334271
28924145
30795618
33038139
25008386
23166830
17486397
42018400
27671687
24901047
33526575
21588300
6322940
32366425
19941169
24054497
2097708
1346834
449399
20613038
23772093
18631268
54769812
29135374
20726426
23934971
29065886
60336887
20844431
353893
20024702
38551679
7185144
7162036
30850653
32198893
3724197
547114
59711753
24071596
5653042
42439444
45165091
51410620
9500991
40137251
65597313
37775033
24160735
2311292
33220982
52451693
5447776
26862256
54013606
29053633
54768158
2798491
31949721
41439028
11250257
28992686
58509601
49456879
50142212
59209755
58883528
4611410
58046921
31836378
29068638
54237009
42792650
11216270
64504327
41432906
13080642
52659280
22190314
63004476
66170638
54345456
18657362
20396544
12192689
32379022
29302106
36402413
45327736
38643075
31530999
33654833
26246213
36059717
6642546
24138768
7421268
8918221
22314410
27785850
28199962
797298
36214108
42156733
5032992
29182124
24015413
10975214
18255800
28959180
7466994
29152245
63108153
36018093
29141280
52184749
60816839
41618627
61332334
9562123
2404873
28996318
30992751
29700977
37785334
50149223
24139028
48274043
63426093
61104752
5794101
41517594
66271307
2037915
33115602
365924
33612540
61778002
1191700
7888869
66297082
53652820
45397096
2382967
173818
29054384
2402048
5350305
53306121
54461737
24164477
59866495
42505510
52763421
18769492
2655790
64673275
41892434
43086319
27587222
24038571
66296903
20080627
20473011
44776220
30078841
6790060
15786417
56140340
22797664
11997039
59508070
20863797
31826761
57499384
38162783
31187365
54570170
35516127
50072826
6810021
27365472
20164326
37640314
42525517
38358102
64600488
3046631
43126061
7148149
11714201
5010391
46557857
1261181
41005194
50387413
8904542
35906189
20045952
46788231
11887289
26583069
7268612
1564022
27444336
52617486
58076657
20961268
36657923
56865635
25499845
42859990
47174592
41266747
45359874
51379347
28519272
1681410
28768638
30666001
2166887
31370382
27475917
40435758
16321738
7107589
43426866
54753
12535169
28412258
242653
20993526
2002248
54446908
66347979
34893155
3047569
33052803
56884810
24006418
29069122
31468528
57721028
24176522
47338639
12418882
29176703
66116983
8836183
56663109
43339418
8766956
27445049
57524741
17003423
39864710
2926428
45388872
45349920
66311047
46460731
24090595
51952900
48254831
49531473
53976869
53811067
48204029
63545857
50879317
41851403
18811495
18206656
2389393
33841642
50718231
33207796
51088503
58709208
66117933
17236889
29189339
64750104
8859879
22288101
51546274
1158850
46654029
36590014
23957449
52782326
1285450
30540287
7665070
49821716
5175267
31829270
49871751
51612503
34138549
44718629
31465474
26529225
62111071
52562147
39482054
47195499
52562154
17768304
32893771
17996008
53421212
42504073
41094911
48348695
6564691
56709407
32113052
5240238
21088836
16264429
31664789
43927182
64000904
8971610
58191352
23997271
23937079
12006458
52349444
40103143
48187965
12776937
24163688
20826208
33710362
31280476
4342850
73631
47337966
44251697
29043438
1250749
56447566
53974614
18510067
40143735
19309019
23779368
55149091
48290499
1895123
34992346
46740325
614900
51113324
43236578
27450675
26694687
18584673
1050727
34041184
59475556
17041463
27212836
53441568
61173737
40696910
35936342
52178497
19883886
20987820
48734626
38362882
34638959
42216090
4465438
18812985
6157914
6387299
4400660
29114154
60833244
45628185
19257904
40475809
41317581
30624767
42850867
23418518
12604082
39379500
12849683
39771218
47286631
51024154
32148282
24064624
65756777
38799393
35735756
10636939
5714378
24054278
42474764
3401748
57061704
46329117
2026082
29096943
55883682
38637121
37865597
5515839
16850955
53371190
58423712
3572374
24041772
7837421
64196784
41246086
12503092
33556123
54001441
7112588
41417918
66117944
40584080
21132929
59644439
23636952
3215947
41431049
57855925
29180349
38552664
64415695
60750470
13401104
64050365
50565963
7034676
59885757
64095256
17693472
3072183
40495633
3063079
56863746
61198272
24041273
29200643
20881556
49918934
29157606
29053176
32433115
38717726
39074365
34735879
38839431
8621566
4032860
39864624
12395008
39810940
29044164
22675775
1381129
12491289
31764453
43157642
1859765
48737405
2504987
56111831
49490375
14179814
24141379
9669035
24159232
41767347
31563493
41565017
10016800
29064773
30519156
51124180
46890906
36590012
27395534
35866503
965456
17404953
50718190
41069269
42592431
38551965
28671798
55532659
47531759
27424822
34992469
37061878
1396585
57758758
52641930
66117949
27404340
50668236
3546032
8854361
36752925
46499402
33059259
24113616
29151961
31938959
1338867
50710712
39972756
1475062
29059612
51492815
38027961
30557142
52430889
35566917
27380658
35161598
6709635
24525496
44295340
53280260
47337902
22976732
24922796
32807770
25864424
34651266
38848047
21323706
54955774
41652097
4318635
609516
14007870
7332793
57406767
2497478
6011316
36831539
51537076
54514296
33915740
31486742
33527730
53259328
38934199
7581816
10927742
51703389
13035282
577451
17299
39379910
7205680
56029958
44005188
58413194
21743605
2276463
66181836
1786446
41350430
46589804
1085325
14153218
27476005
64258488
43533112
29113245
14650048
7857993
41336169
26988016
35308028
39427005
25317951
48041072
66119019
33548374
48577882
56275811
53372213
16892089
43447897
8919834
52709470
8646663
10813228
38351566
27565660
46727602
52950224
26364723
54861056
52490977
64200181
31363245
12421404
20282404
12495828
24054227
1496122
29272219
62413755
39042094
62649663
27220748
34611762
35922833
27476307
4673224
47888400
20416929
36090065
40503257
21450591
49684197
49361393
40848991
42095116
27587012
36703212
29121529
12191872
5361885
41439459
52448948
47593825
32353541
43504004
38486297
17307306
19640791
38871163
36483325
43455261
61707633
29129296
34810237
7830852
16838042
9781945
59154579
54722586
41399710
50581082
2332897
30366873
40008640
46773647
43781771
2628389
23986701
45281009
51864783
26024465
50991523
45222610
47347146
56124964
58576985
12395328
49677828
14301575
39749074
18702843
28982431
47379348
10975594
16822967
24139059
27870692
62918300
20738388
53344288
42893926
15649164
60567702
57438072
31234138
41439091
27445069
25241111
21024770
7801633
51203677
52491298
14863068
27035997
8688902
14849368
14890407
60601670
21608448
47134405
31015957
6463092
24009415
32436411
53429129
13967177
10575125
8316917
39508511
42761505
51452496
24170242
55425037
19816740
3451850
42217364
63493652
1380613
36505200
37409917
4704776
51397915
64344405
4948412
63049472
8134037
1308360
44808072
43598236
11763442
47687385
13128009
15248843
24083594
51505681
48395243
39058898
61177199
29067049
42182160
24839116
27871398
30975320
29799672
21349660
33599927
12245208
55084731
35942175
1354792
40492642
35483003
54002906
35592410
11193861
23963963
12181800
1343025
44077256
53501529
59450478
3239886
42521703
42428044
32887917
43596976
52826657
15637478
41349635
19737656
29083186
1983963
41088365
32828871
12606865
65659185
8435380
45575921
33041220
46938341
19409095
48152374
23314546
7994440
57798756
66117851
33268167
65806239
36078654
40535920
6581226
34482648
44924524
42834370
62942881
64172871
46853
46510541
3887089
24493126
45037958
43215848
2502192
33119851
61453859
53604645
56622027
52107119
18432348
62330264
5814227
29139123
4212283
53139517
12191134
28949928
66117017
31068360
2844970
30495981
5727352
27441371
9307936
43252181
2172171
3677968
15267633
2899838
35192899
49219350
64589106
5227630
28689223
12434983
46441542
5785717
51972728
43124251
24361242
3595314
51678424
65933525
29162626
34932698
5334975
23729278
26609312
30496060
21450470
15432682
41069079
30607671
53497588
55338857
57719605
2150764
43480902
36377460
21024627
41388621
10636808
24064756
2526797
42717897
4452347
6980219
36206541
51389625
46872656
28535385
28199656
56133268
40210261
33207849
56303904
1695092
43064868
26929288
8182197
47703375
52158674
27609618
29099402
47910652
23701106
42256415
45322891
28061079
46864037
57057193
46770888
51529551
53966958
27382491
41327161
33687879
12855688
6613439
7768452
41499839
26583047
51993102
41862437
30627923
23191904
31032346
48090758
9326410
18070819
35972994
24054291
36206577
64921803
43441621
49414269
1179677
29053400
50485752
8887623
50388201
53246243
21784629
41296014
16036069
57508496
27720756
53693549
51770034
50869620
20924881
35825858
51204256
2632438
38584723
24661057
42800454
10513006
42351733
31682553
12852740
45494911
19427486
23291736
11495190
352699
33151860
43537933
41618612
7726983
40210262
27889234
54550904
18036904
4794193
54805304
59776739
11419456
528257
2833417
4422541
66117008
42224583
9207126
50645928
22937322
1884943
44874356
5018293
47402022
24042166
7583572
49029650
34375170
22706149
32712127
12945885
56467397
48674130
41344729
12192755
27493687
21989211
36305905
65223722
54639504
5893900
64959070
24138807
42468404
32147846
41862460
12395030
8052447
46407699
44951468
7302871
35969680
32887361
39496549
48151453
29202792
64520693
2707313
47314170
19712670
12441140
28724070
54428740
25120116
49972008
24635298
6516439
58000934
37391218
55106062
23850188
29561151
1116903
23980164
3823532
10553707
29174470
4420218
776596
21112980
3743338
1144291
16915776
4364899
47261216
4669873
64564090
27032032
1907931
20249443
27575796
44308205
53510805
36548765
43244417
2401870
24731127
47385064
62526431
49416270
8116462
675418
41204786
34529235
14895621
6068468
46716863
1307088
41432246
38757089
9344461
14732694
41483773
3311321
52762957
38604818
33703608
1283615
23526862
50772895
51381384
3299236
29136669
51033762
31911270
55854652
42812019
10506910
12435033
47051542
15487943
23458254
29319590
6240203
17583476
45398545
53304861
10038011
61177155
29764119
33114202
46949395
24241423
873077
55192064
31320213
28724147
63270751
7033514
3524820
19879626
29205323
33344189
21405814
24004336
1559135
44676319
22288157
63346455
35164354
42899346
54740880
14535840
43303859
16452673
22293603
24054477
11339559
3764316
41416417
23795427
43303465
18702416
38006722
28155343
41336414
1194850
19716093
21006124
1668105
34242779
47736656
24117349
8227720
60664422
18864188
16942963
41942003
64648420
25995095
51934619
29044221
35289501
12357938
66118144
38571853
24170103
24025964
52081407
34858181
49151046
18787249
55575867
48855400
31761424
8104626
55813992
63137950
12449295
15246972
19269964
49413099
29129451
7281063
13265387
479912
36411685
2339509
42634874
316029
1396589
32188034
45425639
64204542
1710617
11126709
57092251
66117835
6207984
33207830
3203637
23997290
30517863
25864359
36726134
1336744
42333579
36530355
7675412
29134576
996089
32908542
53976345
52457284
27084949
49780602
21461925
3869619
42360242
47338622
59401812
185150
33129587
16588226
29120306
43264279
3271346
15991166
19943005
38212733
1866486
24967864
42854227
38573865
44190313
45190190
27476358
66116984
8486344
66120014
32583264
2178164
30180898
38653149
11846110
10674682
3217422
43066167
2723774
41656509
22288118
39307238
27010749
36863935
35910203
52675072
24560326
24993733
18256645
29176029
24313421
43281363
12060186
66118116
43751131
52314182
44941959
31320609
32895775
33842626
6449226
50129158
5880160
38900403
55998226
65647475
35718326
3816992
39495985
29182792
897185
46813334
42360285
20449076
2767947
2487699
15582219
4744837
6002706
48066271
19528602
11754832
49820025
25986830
46217234
52431468
64812668
29120760
42341204
11499923
13970933
48187862
51279231
52684450
3568081
56489229
48005942
25477157
21433166
61042107
35228451
56886678
27170710
28072721
41140312
42899715
38716386
41899333
25154544
38839571
57519186
13448244
23429079
34467537
30638632
13372089
17926683
66116993
28985002
51070537
17749927
29186984
39373653
42222906
46321535
8216210
24029776
31582414
38716653
3480014
30540389
29144780
26267783
48855601
27398055
11809105
34740708
66278835
23181698
38643021
6482465
47380187
35022317
29200852
12059000
27416958
25726755
8981860
66118153
46407827
24082523
33032627
51751353
62501850
59866574
18434307
33502632
51555181
42256512
3038685
43472686
27011511
39800679
43180406
25647309
56604020
14407416
13635379
51280867
27308687
56154598
66117023
2660928
1122768
42912349
24169947
63244861
32593371
64096579
36567805
32899561
6076975
41557457
7723413
41410434
939260
23689245
15581410
39486601
21349959
17507870
29132788
41486268
35263738
17685876
35910192
60188021
43870507
13510124
7164166
34914411
63498646
40695415
16328024
35481124
59605944
1646781
5726405
29221719
35477004
30558006
15608438
63215969
30957393
49162162
37342861
43156761
16766585
40360909
51717325
24194160
53968775
24126235
873884
18893147
992200
1496413
21249021
27955628
43008841
47980396
21202328
31068398
21838637
12181637
38933639
12422413
63507621
11518987
60797935
38751552
66120339
56196891
57008159
33041461
39207137
59845059
59172006
8918565
31468517
29044529
23883046
24010114
34179125
33248948
58980351
2354676
27610160
60101397
64596575
19541232
1307297
10726027
63609171
54615510
30556801
26185264
32028538
9930552
29151053
54068273
29459810
64062398
34942121
33684728
62728323
7913039
46659329
34739346
27404354
50020709
30586268
7594022
368629
41139192
18574443
58851747
23984746
34431494
52205841
43687309
31552895
41315209
50772793
38129869
49237028
29136717
53155494
4230407
58745927
15341391
24929378
52676846
63227222
45356410
30777322
2870132
34044338
48717754
33599557
22884038
40451796
31477268
35178253
1188434
43432639
13621714
29162137
24067395
36797329
41836928
3399678
27558785
42072314
22221931
42434314
20991387
24781568
13629402
8140769
1956292
41048039
49772800
30207367
34355040
1817874
1738043
40492554
1148656
4328979
16188152
10862710
42853230
13730487
57686346
1678130
30101313
63054097
3122
14158298
14291686
30447361
51565041
29067238
41525791
4532859
56763728
39981449
56984129
33115311
52447148
24067231
35826807
44857784
18168003
51085873
27574743
57596853
44434595
41214952
36608185
27406288
43075314
7008114
30644159
61223536
5574205
29065828
33041241
18255614
52702377
3759050
18735483
14284083
22675227
2029987
7211278
599650
66116997
51739307
43678119
70873
57401898
2666076
294131
59161131
24068410
48448018
25130407
4573248
55868229
62027591
6517525
66117842
37482087
61537318
34953859
38682008
5095755
18218153
1524730
27944411
41387366
43325067
27484970
40339339
3240514
59087094
4099483
32895025
37650668
29154819
149895
13644276
66120009
48183759
29107485
36407595
32608275
1789246
4745700
53777576
35147141
63641592
64512923
35388951
44554511
42540341
32899482
23571656
28577131
43472558
37426894
1436218
51777186
2781860
56274218
14661092
39645501
28378521
29080882
39182016
39027968
61921513
1357565
2251871
32582783
33558910
59152713
47243687
30809869
32778167
27475964
30861365
33038205
8429613
51555462
21059343
3041384
20791277
29066649
41571874
63016496
1354809
7190539
4194980
18245278
50637434
41502719
48863395
5572313
47118524
53155456
25865234
32472548
5806728
6132091
40554375
16912241
20016014
45212437
2869534
41932715
39349487
41562828
55095943
35020350
22603140
8259637
43317713
1958229
19543796
42088010
43076136
31669799
14863004
55903234
25242600
63791723
44778664
16912137
52417994
47346066
7010458
24089962
52869306
22211997
2796170
27473492
2458226
12430982
11467690
32899681
10970887
15629414
5116422
33903560
52702111
4267272
29490183
2798490
32908418
16340839
41458085
28023866
4399955
53981231
57992671
45356478
59976631
12927962
47404592
47863152
41509708
42120465
13518385
33038197
2962112
24010242
55588704
20936407
12968079
27931579
911359
38067026
60557055
27891038
56266641
43404488
47379279
22221776
55721445
2264868
1005844
26311475
65873980
20720119
6740696
58641166
25067653
12472031
41855877
8030226
52660195
358869
51972441
51205954
12459079
30830314
20738534
55308641
4892303
38923406
34992704
32115435
61197889
35478380
4770073
3739161
41817128
27172045
17034724
35024939
25875112
22453954
7211134
39345682
771097
5849733
23264305
41099207
53855740
4017862
53713309
17984284
14822175
44278952
47362546
12452190
10572956
47338544
56206902
27587202
1457263
19649188
17406689
28937529
55677156
27417033
2412596
1050838
61979663
25025092
64150801
61904148
41069289
12397215
54794937
15177816
4709358
47351781
29201262
62563915
7080322
33684701
2438178
3941791
4934996
63482837
66117932
10341087
52514279
7708426
4528954
20634561
4859024
41316118
7390051
5760155
29133195
35906258
28643681
51546500
38626519
29052113
55656643
8443448
52664145
41471679
36836619
7107631
3604328
41814968
61243848
76916
1141136
5046957
49727494
47809027
39794839
10636769
41398898
47635693
25847428
54112802
24138964
52564193
48933909
51676240
61268333
32037456
313135
51646747
16055942
59236541
4056758
66120306
5458814
66116981
41509162
34365559
47290333
26483318
21143407
3556165
40503310
45667496
13945186
48027971
7552557
24422793
59224659
55933145
57988956
295402
52457930
3686329
33375538
10234471
40343921
43680167
3302905
44015403
54380414
885663
6687741
59686579
16657283
539944
21849266
18250886
22192664
42854275
60359488
8615569
1339623
24154271
48231962
40135791
24581817
29203336
64452031
65974679
61173778
11873555
63280437
24559978
48859661
32294221
48572547
49160020
4587922
62416550
31494924
45225647
1147116
42054526
44856145
29568389
20904386
36377613
2122585
51223475
1275240
14207471
61264595
43029735
32151514
49168913
42956174
31817409
28536329
35408606
27582068
50109915
59976789
48245158
58576997
872828
24068270
1572371
3400922
39781159
37103095
3806249
61913020
5810384
1941284
50484762
41547029
51664815
66019201
17912938
25876019
7955581
29133706
24397942
24231552
4085034
3976445
19531673
5947666
40774911
59866620
30365942
34394793
48305825
52643227
1064055
40991412
1740441
46307561
64502019
2516253
35249433
40066234
36599609
31491854
12873168
46793239
51988902
66120131
63636203
2799373
45247354
12291838
3965046
61378512
13811261
56447391
5174257
47334881
33113993
60289513
62655668
32294208
23003065
4518550
50695658
4368225
1193668
1661883
38726805
54712471
10178124
27017227
10963596
41495334
2009389
22231284
45112499
57666251
6128104
25030609
24003866
42977356
48623614
6890764
13673534
40290625
55901425
2706555
21598139
46349526
54738249
66190251
38047292
38326304
30184423
12069633
29962849
57081112
18038016
40492398
54519329
59086450
59143390
13419018
4428087
20740744
6184972
48892977
57412938
26461120
61042879
44406408
38213645
24620131
42671275
52442896
8680309
24154300
24097307
38922056
6327639
3240999
40941657
8454596
46374143
31262517
41383877
58741289
35516743
7697090
28355793
38288400
9553497
914746
37974090
33334152
9992634
18056923
58882850
8228581
53021683
33892220
29451414
4709565
29775567
33528244
16168143
63510211
8598918
307191
38372552
24029848
55572659
48895097
2235249
42710722
49530042
7721610
23300496
50085765
3615557
19275226
14812948
63426837
36313799
7767907
5054470
42997297
5810961
42780433
33041190
15534038
63826171
29071575
23191262
53966775
23991830
49018439
50113954
53228010
61687077
6486861
26635024
31551485
33342453
28048574
32354123
29175919
30083282
46372771
59248116
45258992
24148523
34992399
40177697
7208434
55629297
48269665
1375455
6272842
4572170
34135202
43477935
52102846
36184961
65882665
38156017
51181978
11196689
52699816
18506500
51716897
6017324
36860987
30826675
55663625
33227641
2346066
32862560
36089443
3874495
49823835
53983989
47354502
23714437
5609148
8680094
41417340
24560033
51438549
39453614
28535587
1141976
51546161
34255404
53966902
52056669
43393726
19367692
5796521
22930285
50550431
42311009
50352660
64330563
1904608
9988103
47338374
6331182
25864404
49818814
8570062
39401484
36564646
60851801
41994335
28684225
26861799
28151829
65659506
19665881
53981217
47952754
66256800
41286264
2150148
25244875
1122619
44206792
29195911
632708
44809038
27514931
10534532
49492598
9511264
27485676
62230349
29044854
35192515
50682756
31949866
9772387
6822010
38734626
33311452
47338560
53195894
1307173
29175875
3190768
19542032
12459420
57126390
27587151
47375338
32028641
1704980
22069815
34122863
65163336
3605007
38866124
975647
49898876
57771902
63451672
25875135
65047801
12892044
38918051
31774293
13165754
36438080
22234953
66390131
22548110
57827459
1181499
30147621
20991621
32402516
6071082
53932329
59820668
53304836
55304301
61200443
12483131
2371949
45040952
50166113
36565417
58909771
52214448
55694491
54204721
24921872
28535675
3594869
5363177
61163333
66117838
55329635
26348695
1921242
46722027
4494317
371343
51606908
2604811
8349204
41399092
52178505
36185515
56349769
29043905
34407591
61173566
3191066
29345448
14347696
26005846
43976767
37648700
41343060
47584484
9672993
8614169
41416925
24074598
31806874
48727662
16895520
1347669
41994274
63430166
1737889
45602027
57998420
58599137
44295720
65607911
15571860
41660007
12396721
43095651
24217634
63084572
14901841
55908719
1015544
64244353
29965367
25913533
38278317
25056529
12094425
42853962
31069238
34992667
65981065
13859086
13144890
46793314
22812685
6502561
14761362
42854200
45355514
66118115
63470260
36365646
5308673
844898
1458929
7946653
47379170
24054241
2815330
23826504
33425658
40787305
23119979
48624645
1323180
3524956
40851306
43471835
60436661
29053113
36902342
42054552
25069494
5805070
56962755
42688999
38758332
12235655
65645993
54762555
46446543
52593219
40850899
11889279
55442460
52493711
12452167
43331139
51189263
35238844
18303535
29044387
51260117
42234199
40228324
24071520
27460443
43340646
25336707
42047833
27414709
8030907
14872832
2980609
65638327
18870260
49523640
33557879
66117934
5069932
6694801
1479681
49898663
51798968
54367108
12816229
1801066
36695934
30544753
43809500
48432610
13831559
58968934
36695444
22222010
59488765
54422983
38731822
3769960
37896394
1947033
59329327
51127870
234519
44063542
20513364
11054328
34454710
38422859
2329784
60033780
61112938
41406597
1677997
64070489
10636986
25308692
47349158
52177781
4131480
54093416
9876059
22072850
8371824
54890808
26193581
59160210
54101735
53974557
4799998
5207807
37037442
12394955
26541043
60169436
39215970
30861580
43644677
51583789
44995101
33170320
5946427
49720739
630288
18255469
467299
20907080
35309200
44738213
57398977
20544433
31072730
56221585
47245529
10419342
1526441
23467556
36412186
43149898
60407322
19737716
11694132
46846032
33796456
38244888
40974373
3490689
51469728
35052853
41348641
47025950
24060158
54623446
43393961
32600313
27697787
62426823
51385555
57219804
1675135
65589803
27937384
605120
60485089
42820120
37660485
12452818
61950877
59228978
60879212
32720271
52583985
61525812
29189505
56640647
62922996
52857651
43016658
50520589
40452614
10771703
11373918
29064825
6806178
32570567
17682521
1307179
52130810
22790747
13859483
764428
60720320
33184436
66120030
38362129
38644787
41350859
52030191
28110845
33352960
10636908
53694488
12426248
46594645
12361372
19119356
50536052
48243290
23984695
16930
33063335
63691694
22699244
29204948
39208900
43544790
39981353
20280363
54049305
5118993
66117950
3240815
19102889
1915235
41766223
1052909
32247253
28286235
10608307
41851067
24125833
33311370
43102218
54161901
44974508
21214115
35040790
54542627
20667909
4892466
28119662
52490649
66238857
10103171
3258930
1232778
15293796
10014795
54714821
29771303
61903839
1302673
66117931
12680101
8837551
8299542
33041112
5665753
50489460
25344840
8717221
60195465
3084002
65526933
7758170
29266673
16726883
46478208
57792556
27966440
6184247
203674
3079477
48447460
5529381
60333822
34993160
32552414
9104918
41483254
41314609
36437941
14285328
40692247
14779215
16911546
47338115
46679304
53704782
7661096
43487641
6440817
39665831
61294770
55553472
44255655
5807123
1794384
24090034
39973095
24117425
36705971
14249773
46814014
43914996
24923132
1363546
50767483
36071599
7834889
7583941
44844549
11122911
8242199
49457951
5797606
3069251
7663113
2289091
44268305
25789302
906049
1083614
32493668
25241625
36245207
42282127
47305811
43230262
43056455
7398893
4397937
43706266
39536489
59084945
11406617
13489296
3147198
48306499
48886711
35310972
5409831
6055933
838743
49509311
51988794
53117334
66118120
8505021
50062861
47126728
65270165
15687191
53974325
41096482
30033047
53510817
52991411
15997053
47337819
24029221
46857139
30248242
29151517
43371122
52264526
33542975
10506343
29122283
4442258
41712886
8654563
14612355
34736771
41098678
61266941
38372629
27586937
47470889
8734377
63283368
39970216
38840063
43034245
3920010
30539189
28517269
28276548
34944433
36858708
63501125
65331741
55743257
13127317
64349637
1874641
46663715
1682067
23957380
36647324
29416947
66117943
9017120
10179341
57231330
5116128
42119216
24015356
15662347
63390009
63500393
6055006
21508446
61200690
66117930
36572868
1306853
1155729
24328828
27365238
5032825
66120010
40190089
34953732
35036512
24499438
2093230
31758505
24154210
26383833
4129210
64238438
24620381
6066882
10831110
44058099
66120035
41250294
25047924
54722118
1073407
40920493
1015549
42368890
20542946
44234633
47870636
53977393
46433823
12389683
11524211
32886614
13032824
3739170
48652327
14811323
6269572
31685780
55973001
64856902
27404174
1557289
36316478
29140312
63987051
27456411
40410587
28886030
36312820
41752243
1730021
54419606
21534058
28255962
5044094
11470080
36270621
23975457
41058461
52762691
7044021
41349912
3956756
41932570
3836974
7107493
52164751
5289898
54171290
66117828
39437273
38838669
3524844
3191574
13940995
27582101
26825881
2468694
41314875
51531870
50303604
29361654
26334552
53974439
21373714
26905798
12639192
40229652
46940623
29164372
28841514
17541507
47056653
24160613
58962843
5573825
24929646
615907
47030966
54427612
57254091
30465042
65918952
27315479
12282404
52638456
34990653
1389545
32028417
423488
23964028
30926668
38462797
36185545
21217819
29133270
65319738
54259408
1082861
31546693
20888969
55887543
48621546
6888478
6311754
47585608
21888392
22946845
57027660
53426624
29082945
56943751
23410050
31733035
52572694
21720419
40308464
41561653
9829375
36608290
63231933
18737043
4583018
29045635
9549945
51751397
41457568
45014808
52134412
35921239
29203232
53930245
48060829
34274239
1481539
39752218
36602266
21904891
6451180
57499258
12483124
30235382
66116985
55945292
56632677
52702061
36052863
40339222
24054255
29073449
30204821
51267179
51176589
23133894
55802002
18325342
3712237
49252675
41451620
1934682
8809151
33482916
22403759
30862437
42212359
27476388
61927037
66117946
16506323
50063101
3735234
59406719
6957391
52468664
42635296
42375465
66120336
158780
10437362
335524
15453166
48334437
48457683
35505854
15848363
36404131
21950
50539693
12365863
34992634
21546406
31275728
32886653
36400354
20868438
43304148
26742578
24043842
2025596
3212018
32898026
65147367
63791861
24064612
26832430
3561198
53450562
57686008
43962060
32153269
60034515
39646177
21018865
49086703
30866314
36438073
38527720
50160243
41884020
14619776
31076058
1190967
37704558
24005612
4000478
56029635
29169272
20596126
43692311
48579092
31468580
42121548
7679946
11639730
51751781
35970898
54275247
7836874
29162544
29115339
42474107
40904028
37585872
7836300
48187894
65078481
48943313
51530930
18979830
27273935
29897119
66120017
48182202
41862306
64562856
34376622
9516820
5013401
5269830
27711141
41744605
5213124
46336884
28513031
1301950
54714046
26574781
66349446
7913330
30974119
2282406
53248531
16020206
23467805
52156180
55460987
13325323
43608456
163585
12684808
1486348
20720247
36089360
2369940
49837814
11679161
63443047
11132551
1120192
48188423
25878277
66117839
5206006
40752245
23068004
21282370
42630346
300820
45413764
24907399
21952191
44740360
52188398
27517732
23986780
3061617
43714735
53893498
31986013
41462576
57093188
18787518
31911285
42853942
38420242
36506995
25864401
3740470
24038610
60686317
42052656
41883324
51717448
33113973
1510953
66209463
9631221
23984204
65846498
57412587
39828976
13949064
24929230
58796322
17476210
47744093
31477099
45502344
46623245
58675017
8223167
34431449
58751289
24499552
2101440
15691735
21036756
36151701
53800022
41241958
20814339
62776313
29117041
61946791
47180598
32151252
25214820
42161232
47147247
52443619
45604345
4906568
59408716
49962076
57895718
31878304
47346130
66120350
52563309
52514453
547016
11407634
44586363
33246346
3769857
53369427
9536327
36365696
50510573
59841088
19398567
52514966
55266155
2142513
66118112
51071802
42615845
29047883
28937561
1393160
10677363
59552075
24029787
8886869
23968367
936060
3238314
27473450
17414655
66118111
40401908
43706870
1036128
20723699
28882395
47898286
1462893
5443520
26985552
39496476
19073927
51545608
47337929
37602864
5795507
61330791
53982989
66120311
36424337
11404203
56589396
32861950
59670805
437777
2148504
43245244
41500024
47825960
1015520
4196032
43164926
24230218
38975792
32704782
4113906
51349143
4162599
46480027
46230126
31813365
43938443
43471852
57061625
59110491
39821446
1477136
52740973
28535604
50413446
30268832
29175144
25588760
11625682
40962975
1551227
38639286
24130560
27192054
40809758
18366885
36833281
40159626
13259255
56830866
4394883
30184944
51202851
60933944
18255718
7530663
49962103
66116978
62476753
49493622
429559
1961284
65857346
4057902
11942544
60190871
39948272
46599944
23489105
66120040
52652827
28899213
5297201
59525771
27425785
36646007
53390336
19050310
48637595
17288283
47379597
10284296
12163301
6115263
2839763
1305223
29137496
24138712
29932436
3064160
42997256
33693315
3987569
7007889
13943418
7181343
43850530
44657690
35942012
31359192
49414078
30975214
61979025
863983
43520143
2794612
23439037
41871159
6536193
52135402
38841444
51765882
22379692
64024099
52468454
1493917
37752350
27753497
36413090
44262286
27885019
39564921
48191793
35061122
4404143
66198867
29115613
9426235
30022906
47262599
27428769
47980428
29044306
13914613
2799149
41591610
15135974
25739201
61452406
20191584
48465789
22031740
38228015
24457669
35906164
12492485
36359959
54762686
3689664
22792824
36430099
48369605
29213482
1308036
33902892
12822844
43690405
1687239
16699100
30624771
47263253
51717573
36206203
3462943
41937994
16017357
64538410
53976480
36926536
53695077
43134864
2593399
29078874
40458154
52685741
47361951
49619723
52678046
37670456
20805217
10866818
46680759
51166657
418592
51264718
33310983
1418751
41177891
861362
48207898
26745064
37651577
63507747
44170735
43324465
33041205
59885732
61399717
30448098
63855150
12439836
30775351
27457495
50873492
60949842
33041081
52591204
33375087
10126474
27476465
10790831
20784662
10941800
42654393
61537867
33118562
25855203
59733803
232926
46534849
23922038
25442339
53772655
51556728
40959432
12485526
27473688
59441831
43602660
3689144
31122050
53985020
41186890
9976763
50890458
63724114
52316954
60312102
35873364
4708362
9141482
27244925
30972799
27587166
16912291
4495774
10274333
30875534
27476440
64163013
48995779
11386820
6823435
43597892
66117020
7376947
32878664
24015482
30732256
7407066
53673622
40187067
51716774
59195675
43919140
4889752
5320128
34380547
20790734
4238778
7161155
12347327
53152475
15619592
31000321
10387981
12531989
2244765
36708808
54453428
19772725
36903248
41408510
41350357
14328092
39192725
6606039
41692773
49506553
63835595
54442407
46617336
66120334
4190455
12470474
22858744
15572870
5803689
20639795
41279212
37491572
6589100
50373689
1895917
62708252
14009619
1241813
52708898
52573352
31477260
7850399
43662299
28535379
33207768
46471738
19471704
12532609
59804678
35453394
47068945
50610332
14851075
51556083
20286208
29143332
48526268
35682806
23132515
6139690
2760505
59082457
679977
29137066
24153804
53995720
33101629
10933036
8566539
61006215
597411
66120153
211915
13162732
16250007
47936445
51252077
24178830
6449823
50097326
5934924
52455354
59387251
50195874
50947198
730058
50074767
63003588
60804800
53076412
24921664
42052930
33950176
26073870
32451996
35725800
5808303
11361711
16604244
51501766
1585726
52398470
54639364
5443751
53859425
51769331
47454033
27392880
42367160
26528224
59900170
44204483
58441592
29151005
50091670
24061970
18472912
4217199
30998110
1844288
36347979
58117053
2186162
64467731
64306828
59205873
24963447
3209027
42836216
55690649
61869211
13659394
18529894
55106188
47226145
32907308
2176802
11102217
2555460
41871238
61276256
44155042
27652764
23636265
29130449
18849290
46374567
2157124
42566422
12394787
52397852
29159006
32761054
33513976
19765379
29053071
40326790
31258497
4281291
1354800
22559758
18850353
35843238
14835090
54960052
61795854
51218090
47095080
24106023
50887473
56018282
27394795
48992560
7596048
25109824
39556943
39643399
1889563
66038720
29568246
3872983
38716089
29078997
63598888
50658217
34547615
47914567
14863003
32134180
33251295
2204350
66286062
5813373
39964510
10681040
15246722
953207
26265270
2681222
52386177
35921285
33892798
6989422
20068568
55774204
47345993
45425133
63627153
52440956
24922013
49916836
40142015
35873413
61810762
24560295
54882740
32912739
63620838
1202209
42319986
58215731
63785117
46514912
27452587
41470624
24620729
20742663
14368725
53176597
2895019
24126287
47379533
21357447
28559681
59885818
22902083
20993536
29067096
16864743
14301828
5691828
36625192
4702895
59115203
53155430
56275870
32379044
1675126
9245480
55632747
12435883
30306919
39417173
26772972
24153715
49641249
27705604
25106273
40266596
12181791
49214973
1278177
55210451
33130473
46843725
60085284
24004355
51531257
20684686
50854264
4442738
54960199
2560401
51546287
24102321
21707220
57199916
23984232
47779717
58751015
56628201
52760800
27450654
33607934
54878164
66120023
30909778
8140582
44185727
24179630
12452730
56366479
63993149
29053094
25558836
5807655
32109000
14480503
41349350
43146607
172627
4673159
24912581
33932102
59976840
47346034
5315681
55132382
27587257
7012641
59060930
33737365
32887895
26396898
27476277
12489818
24917281
58015904
44564442
42834010
32895570
42414945
6437934
43033127
42161333
52980443
5707878
38642612
2639167
53222502
31329517
21520950
4534703
27223917
32862263
27428569
6224841
27586966
50890174
15230011
13622687
27428691
47099732
53199120
30494067
21977736
26051790
47007079
38642602
220075
43360371
16255445
22262611
31402076
33114945
52714345
48207549
48799948
23565301
8031984
37185043
31890559
46443020
41959384
6063379
10655552
15701613
47017769
2815360
2891072
52360475
30277288
28350503
24929869
3796040
29058362
693943
26293212
9809735
48300756
25250167
40910970
14778636
29159634
25232915
47374115
29103576
59079284
7850900
37285584
18400450
27404132
11867790
36208343
41415179
1382073
44870654
44154967
36374133
44553222
24094816
32886424
43459848
21840047
29044243
55676812
39982286
25306300
56456741
28414032
32893986
32007256
48324533
65720635
51362353
15059350
52451657
40320313
30518999
28698920
23737718
11081534
47540924
63779654
24929467
47389204
57132077
54070165
17360687
41268283
56502393
39347256
37013096
43304688
42600666
52409426
31180547
41498755
40522288
29150969
23987984
2267422
3605729
15246751
26724591
27216202
52368298
57412986
1334579
47839074
35011835
528704
45047166
47862905
