1349965:47898,1750,47662622,59158928,60397375,47188796,555791,36313258,
32054823:22342527,65439846,31000279,
43597895:43597892,43598441,43598236,
32054814:31468528,32379022,30974119,31068380,
38679253:31000279,
37327808:1358308,36602266,42240798,32793588,48027971,12946232,47155961,
27061341:7456944,36602266,42240798,3712237,
50787413:
50787371:50787356,
47385094:47385064,
47385068:47385064,
55339259:54880210,60907637,39498112,39486601,39486507,39486408,
65802660:54880210,
14469330:52468664,4823177,
29012154:38647298,18104622,
946949:547482,15273785,35906272,15273780,26068189,8584368,
57026332:15273785,716797,16912241,4194980,16912113,16912137,16911443,16911546,16912291,4196032,16912075,
65513757:44233542,
57103240:53322246,16399,
57026312:15273780,2681920,16915776,13673534,
35721729:1138203,36365696,2781860,33311408,18870260,36365753,36365646,18104622,33311452,33311370,
63435540:18104622,
63435549:3066683,56436935,
50089027:
50089023:18646550,
47400390:25360990,32294221,
52218498:48935516,18116407,
39481930:39481928,15234384,
55149756:1342550,38233471,
24995949:47374115,
35862280:47374115,51755259,2567037,2526996,36401310,51908649,1358308,51754694,51876688,51777186,1549229,51773287,13193091,3191424,2869190,36333315,1342550,38233471,17032571,39508511,36342665,1646910,51777817,13925616,51777960,19944457,
63840527:51773287,51772957,51772910,51773202,51773015,
51947074:13193091,
24995939:3682794,3227930,3191424,3227324,4117815,3227306,4128300,3227293,3227754,
51946992:1342636,5710713,35564516,1342550,44185727,
27075954:1342550,17678273,1358308,39498112,39486601,47385064,6432231,12946232,18646550,39508511,39486408,3712237,
34638034:63561751,48935516,61177541,14598893,18116407,61177507,
49208767:44396711,
39486529:54880210,60907637,39498112,39486601,39486507,39486408,31420564,
14469380:1338249,26166983,36400985,2681222,2681920,8897645,40301861,36400354,300820,18737043,2681772,741982,1334579,1353713,
41373353:1338249,26166983,36400985,2681222,2681920,8897645,36400354,18737043,2681772,741982,1334579,1353713,
19127980:23264305,305866,3739039,12539130,3488605,3488774,7268771,3595314,3489392,3605553,2102889,3739161,3739167,3739170,19720736,12405002,12406173,4572170,3605007,7767907,7767921,5713012,34255181,40528184,3605729,10681040,
51919082:44892840,3605503,12539494,33151860,12175797,12531989,3593186,3595109,15312852,3605956,59558479,65857346,12421404,12408891,7768368,12532609,
52241482:12430354,12429569,3769857,33079684,604156,12428216,54977020,
52241392:33151860,12418882,12491465,15312852,12422463,12434642,15312813,12449458,15313453,12427370,33249682,12421404,14015789,11349902,3769960,15313321,3329184,12449015,5665672,
52241679:12426248,12418895,33884909,6011316,12282404,2677182,12418230,
37673578:18576790,4968582,3595182,3488612,12426248,3613787,65289816,3666558,3595889,3606095,12418895,33884909,59622690,6011316,7768452,3595044,3684908,12532921,1874641,3604926,12282404,12175763,2677182,12411813,3739236,12418230,3594848,3594869,12266447,
53269658:15234384,12352100,59750811,12879276,12352573,52949025,
14469401:6432231,28622208,
14469357:24251278,2799005,15112200,15112056,
26925808:2799005,50405863,50407891,1335758,50405930,47346130,1342839,50484762,59661311,50413714,11809169,50450296,47687385,11809105,50406618,50450153,1345247,50417598,2799421,18737043,50406598,47339824,1353713,11809178,47338362,1345420,
27113766:47346130,50450296,47339824,47338362,1345420,
50025157:1342839,1338867,41483135,1958229,2002314,
61177455:55654192,
34365684:
47337802:47337954,47337996,47346179,47346237,41483254,47338054,47346142,47337985,47346223,47337856,47338479,47337946,47346167,47338004,47337899,47337864,
47337906:47459522,47379547,47379533,47379597,47459303,22902083,47458945,47459658,47459360,41483135,1958229,47459482,47338612,47459233,47337922,47338528,47459503,47379585,47337912,47379574,47337929,47338319,47338622,47339824,47337902,47459757,47459427,47459263,47338431,47337935,47459630,
47338020:47337966,47337980,47338315,47459330,47338097,47338549,47337992,47339818,47346003,47338455,47338517,47346151,47339834,47338379,47338560,47338577,47346066,47338383,47379619,47345993,47345963,47338544,47338115,47337819,47338016,18172995,47338344,47338424,47337988,47346036,47346013,47346023,47338506,47338509,47338337,47338374,47338342,47346115,47338444,47346150,47338639,47346034,47338400,
27032762:15112200,51715447,51703768,56944145,51876306,51705993,51777186,51773287,59214741,48027971,51778080,
27113806:51755259,51754694,2799359,13193091,51789003,2799367,2869190,51789350,51788755,2799370,51714028,51754712,13925616,
63840568:51772957,51755259,2567037,2526996,51778038,51772910,36401310,51777988,51789391,51754694,51702834,63841298,13193091,51765403,38684606,51789003,1345866,51773202,2869190,1342700,51789350,42981906,51713485,51788755,51714141,51714028,51765355,51773015,51777817,51754712,13925616,51765383,51777960,51703749,
51947043:1345866,52056669,
50122799:1342700,2799359,47018877,52042883,32210574,3227293,
41115565:26068189,44533494,
34365072:52047310,36564646,52056669,47719302,52042883,38684606,34223956,36529963,35970496,
27032751:15112056,51906566,51876688,51897981,2799373,59661664,51898011,1356935,51904721,
27113827:5710713,5727118,1549229,52047420,1342780,36333315,1342550,38233471,44185727,19944457,
63839745:51882555,21581309,63840819,51882365,1549229,51926164,51876483,51926260,51876469,63839756,10235028,51926745,36312001,63839726,36333315,1333518,12487559,51925965,51926441,51926884,17032571,1342636,36312329,63839752,1646910,19944457,63840817,51926509,
34637868:2097708,
21397012:1356935,51908649,1549229,51926164,51926260,3227324,10235028,51926745,3227306,12487559,51925965,51926441,51926884,3227754,51926509,
34365768:34365764,41246086,35564516,
66090216:1335758,2869190,
44852895:22902083,51703768,23419540,2178673,
63839663:51715447,1750,51906566,51908649,51897981,51876306,51705993,1345893,51773287,51898011,1356935,51904721,51778080,
14469477:47898,50405863,50407891,1335758,47346130,36333327,36412030,1342839,50971251,50413714,18172995,11809169,50450296,51933682,1342780,11809105,3191424,50406618,50450153,1345247,555791,50406598,51906508,51903943,47339824,1366758,36411915,36342665,51765882,11809178,47338362,1345420,36412186,
56669729:2002314,32210574,
63841326:47018877,
55632751:
14469320:2799373,1342550,
37327819:
37327817:1335758,50405930,1342839,11809105,2799421,2799149,50407891,47346130,11809169,11809178,
3495675:3495611,51715447,2798491,51772957,51755259,50405863,51778038,51772910,36401310,5710713,50407891,51777988,51906566,51908649,3682794,50405930,51882555,47346130,51703768,51789391,51754694,51876688,51897981,56944145,51876306,51702834,51705993,2799373,51777186,3227930,5727118,51882365,1345893,1338867,50484762,34365764,51926164,51773287,51876483,51926260,36564646,47018877,50413714,51765403,52056669,47719302,52042883,50450296,51876469,38684606,51933682,11809105,51789003,50406618,35564516,50450153,2002314,51773202,50417598,2799421,51898011,51926745,1342700,3227306,51789350,42981906,12487559,51925965,51713485,50406598,51906508,51926441,51788755,51903943,2799149,38233471,36529963,2799370,4128300,51926884,51714141,32210574,3227293,35970496,36411915,51714028,51765355,36342665,51773015,1646910,51777817,51754712,51765882,13925616,51765383,51777960,2178673,11809178,47338362,44185727,51904721,51778080,51703749,36412186,51926509,
14469416:38367010,39481928,21534058,9671314,39155721,12946232,
14469517:9671314,1148656,32354123,1218060,11798809,35298138,11356951,36937854,11357115,3117243,18168003,32993588,39864624,12676526,60281259,
14469441:60397375,29652561,37602864,41749640,23939247,18999978,10386646,1358308,39134621,1329097,30778826,2681920,3102512,36400354,12780590,741982,47155961,415920,7663113,
63445531:
63445527:
63445517:22818222,
63445474:62649672,
63445522:
41379750:22818222,62649672,8495223,
49507551:
47089729:47089705,
37327810:25360990,33345918,15234384,20286208,
14469556:52468664,47687385,50808202,25555173,38277592,
34637873:
40772686:
55312458:14598893,
52842891:
40848984:7012695,63561751,61177541,14598893,55654192,61177507,
40773012:
49923051:58796322,56372934,
37327814:8495223,5986032,
