1180955:61449812,51468021,47506067,42216041,64515481,42793852,56795628,27078259,59482002,64264694,43158420,5195288,64004704,51299,65910292,63125529,43066131,44942990,1935660,56146966,63032287,62044626,45454143,37906458,61091687,65803528,34078155,5820958,59522395,50919511,40011886,43616736,65742789,42216130,52993345,34459771,
9556082:43066131,41199500,38605702,1725034,57666251,50889005,61438456,21977909,12591058,6824855,3689664,
26890496:5775309,64535218,64540852,21386797,64733978,64400113,2189402,14510444,3401611,64354587,64572180,21390139,65941179,64785165,64298523,48290450,17922873,
29038583:2428571,3401611,46475368,48290450,
57533732:2428571,64400113,46475368,57533699,
57608086:949093,57534176,26761192,
34745167:949093,52663435,32742043,57534176,52735233,43997537,
65863438:5775309,64535218,64563919,64400113,64354587,62963630,64423785,
34420091:34420088,63421458,52732248,64733978,62972426,64685219,63421029,64665661,64665820,64254183,64785165,64665846,63989562,
26890461:3401832,52543527,53198047,32226030,53306121,57666251,14598997,53196053,5016743,7363318,59544419,49118201,53195967,50719708,53195894,44474471,53195741,
28576979:60804893,5702452,5706606,60105432,43107239,5710566,39784172,43107086,60804956,5727354,43066157,5795148,5795590,43106947,65973568,18183886,36214108,60105328,5807443,5807655,57894726,
20646163:43066157,30292869,21451957,36089443,36089360,61438456,10009539,3689664,
37201674:8765605,21977736,42064715,47653712,33871775,9536327,47686026,35635730,35308342,33872371,7323844,50971863,
21460967:61640042,35570761,54370996,42064715,61615204,28854505,47653712,52676339,50889005,5016743,61639919,39208900,34695828,9426210,
53486552:32199299,52683115,43850706,50668236,29572467,53930245,53938868,
27110394:56830866,40326790,41883916,6707312,9959504,37240599,19167263,34375170,39074365,41766062,9992634,40510866,16989288,11484485,5515839,4615673,5010391,7661096,34954464,38645426,1346834,55058852,42302561,7014420,52195696,1181499,14607722,21994219,39699317,6823515,
21977796:8765605,21977736,33871775,33872371,3538538,
53405360:40787305,43764659,43789277,40898233,54453428,54450994,53405350,54692819,42812040,54749410,54749636,54692971,61094469,58884031,53407629,48770833,41890052,41652097,9536327,35635730,28156864,4452347,35245055,42556335,34705140,54422750,43214966,53407951,43764385,43805764,44127248,57390087,32159640,54743017,55691233,31685780,54608949,54374343,43487641,49899080,
34745332:675418,21373714,53195743,39888782,53196025,25847428,421043,
44653954:30235382,15230011,48167709,57509467,53195899,53195851,56387170,53652820,48167653,53075883,53306158,53198000,48315947,42483633,59804890,44653895,53195947,48359167,48148604,57686346,50107692,48810488,34157260,56391161,51406990,50207589,53198066,48167694,48233239,53024817,45575050,46685131,52348738,48167678,53305252,58191352,58219464,47249262,54590751,34771342,52333716,
55989534:47226145,9959504,53196025,42604741,53198066,7014420,48725474,14607722,2497478,47249262,
38741124:50149154,35635730,50149223,
34346724:33932908,55676812,65802829,65977805,63482828,38456834,42161232,42161333,
26890513:10090036,53305107,53304836,17922873,50638700,
29038654:55734640,5708447,5710428,5794436,1193133,5799363,55743257,5805806,
34745469:42546226,7014393,1218704,50897844,53304816,47226145,57761745,64820968,42604741,53304861,8134037,53304890,44854947,25264893,
51714312:55047064,50244223,
26973655:
65154596:45642367,63421310,
65154627:1193189,
65154611:44902400,
65154639:11499043,
65154651:55817959,
65159260:65159254,
26890527:19073963,64515481,64775614,24035879,53197945,5797780,40203594,3228337,58297722,34078155,42836216,35942807,17922873,59933761,
29039338:5797780,
40607191:66230980,43465935,38095870,7315158,65230491,63270751,52735212,63892752,
34431052:64775614,59233511,63421678,49415994,34431048,
34742869:4455069,57035656,29198865,13701585,14598997,61784627,42540341,7801633,31034903,21769262,
34742875:59120774,30408278,16898336,7801633,
34745230:47477786,5877466,59834795,25625106,51023721,
59010862:59035783,58823390,31034903,
34742878:
63775467:63775461,57035656,
63775532:34431180,41529713,
63775503:63432731,
65139149:65139145,
63775366:55286704,63754377,40080321,54634052,22241815,
65139166:58900785,
26890623:5337860,44234633,21416103,61357156,14598997,5807337,
29081692:5804664,5807337,5810384,5810961,
34745325:48642561,41937994,44855092,38270730,1884943,60034515,64195461,
26973678:63450634,13644276,60804800,59084945,5804664,48907129,
26890641:15589439,33412576,64739166,39296850,17922873,
29039347:5707936,5708550,57823270,10090406,
40607401:40607393,
49340787:43601478,53372256,53372213,
34431380:42566422,34431369,56810701,63410939,64739166,63423859,42224583,
26890642:10825879,7335562,57358291,65619622,61012642,7237240,59205873,17922873,
29039350:24067231,1496122,5807865,
54423275:1496122,4281291,1276452,64997813,
54423199:45149833,38819161,55414965,31001434,54422983,55296132,54423115,42333338,1596533,38014417,4452347,54423173,54597303,54875178,54792207,22798692,25267712,41449132,43212951,40920493,38055213,
40607416:21994219,
49247422:53372049,41449132,
34431453:34431449,63430166,
26890653:11940970,61632355,14598997,
29038669:5708236,10387981,34011061,5813373,
34745308:11484485,47051683,50890174,54041971,
53407474:49899080,
34431498:51251510,63467009,47099732,34431494,55709333,
66067086:
54768576:54768544,43252181,4452347,54792205,44397213,43487641,48734626,43602660,
26890662:3401776,53306243,59841088,42216090,5820958,21389078,53306210,17922873,
29038665:5712060,5798689,9988103,5807892,10046356,1819953,
54768635:1819953,37650491,17922873,53222042,48734626,
34747329:53306763,53306190,53197870,52836036,36127813,44423488,
49247334:50149397,49247329,50149289,43602660,
34346780:63426093,42216090,63434397,13914613,48564502,
66066981:1935660,
26890675:50692601,1194742,34290861,4161401,41932570,31676301,52543527,36858708,42997297,52257877,35192899,41517594,59733803,41932715,5798749,35614362,21429295,36196790,59993934,51793243,35470219,37677391,55632747,54532594,35590949,41591599,42591181,37848501,35205239,
29038370:5697406,48290499,4906655,5710215,42663755,41737804,41862306,5798749,5801679,41862360,5805070,41741825,5807118,41660007,41890662,5726405,30387142,
48743865:48290499,48602617,48610904,48637595,
47363818:4906655,48290499,50692601,48602617,41997039,41997021,43088008,19574200,
34638435:63227656,65222835,58781411,61005972,20991387,13363630,55440328,64736262,
34638440:65969644,34736771,28611646,8140725,27890186,44397682,8140766,546941,54750135,20991387,6444146,66277294,63269967,52491574,
49740431:546941,61005972,38093605,546906,
48436908:42006368,44172066,42007019,
26973703:42021283,46418944,35515647,36863935,41571874,41871175,17522437,52257877,41871238,41737804,52232306,32638270,41517594,41862437,41892770,40835702,52542413,41618612,46407699,42054526,41871159,52214891,52214932,42052656,50072826,42054552,35164354,30795618,44586363,48610904,41068796,42054370,42052641,41591610,42052579,45420697,41883917,42054492,42052720,41862460,52214448,41932805,41618625,41892643,41884020,42120465,56883603,52214990,41871250,52305982,52214952,52258708,42000315,41871222,
26890472:19073791,50496255,61173778,5707878,17922691,21546406,61376612,3017534,
34742881:5707878,16799965,
34745237:38695496,53042111,1052909,64670297,50493800,
34420040:60517281,63399510,60517240,60517247,50492961,63003588,63415370,46585910,55084408,63776677,43143676,34420035,54941250,
26890486:1194850,42006047,17922691,51839377,38604818,32845207,48413019,32611423,39453614,65852538,61173737,53197614,7441425,61173708,61006262,31857760,
29081691:3401748,42428044,20083560,32845207,1482129,39373105,5794101,8542604,5798996,42822705,42800113,40920391,4945992,10008821,5971990,2881924,44308205,49268020,34459771,
49741075:3401748,17922691,38604818,54655485,35890877,9734640,55187826,
34736852:4067488,42101397,32886660,63579458,48810524,54157476,24890114,7014239,
54428170:54426620,34893195,4452347,54889540,60300520,
49741027:4945992,36654707,32611423,41106103,61173708,10549875,44268305,
34747250:55610571,40188397,12059000,63054097,
36658841:36654707,
61006410:2881924,57296273,48410527,61006262,51646658,58873997,
61006402:61006395,
34745297:28048574,57685859,46625317,27315479,11443906,53197573,12059000,65647475,36104607,63054097,
48437045:34893195,44234411,44268305,
26973609:40732427,48207491,32583264,21112980,44676319,60336839,60336858,47322492,39417173,60336887,60345235,59179094,41883324,27519300,55853150,60496870,63032287,41415179,60496737,63307910,35310972,42273854,41106103,60337696,59224659,60502545,57412587,53842475,
26890487:10090433,42428992,49589527,52543527,63618308,60120940,48182202,60107729,63362056,43419659,21481358,17922750,
29038567:10083841,62501850,42428992,5711940,48448018,62526431,5800148,63416231,36208836,
34736859:58962295,56884810,32469506,36424407,6210550,7205680,
49247353:44206792,45280753,
34346747:48152374,49926552,63482603,10083841,60120940,32047117,63362056,43419659,37482087,48114337,42145212,55095943,45258992,53059142,34625430,46321535,
27084338:62328253,66172066,29696466,21405814,20407479,37484710,20051686,38401200,40978997,34536204,
47993563:60863346,51492152,
48448173:48447460,47306282,48334437,48344861,41997039,48334781,48312425,48320479,41997021,48413019,48412794,47988553,48321532,48411435,48412578,48402155,36217230,48359605,66339066,48400801,48356170,48403966,48360835,48383531,36654707,48361122,48410527,35786744,22065498,42023285,
26890495:19073805,36114406,43616736,39913415,35795894,17922750,43759707,
29039334:5726973,20009318,36114406,13736909,44525289,
50761883:35686044,64562856,33604723,33438846,18699321,35562345,35616943,39914058,39924463,33482131,35682087,34818048,
34745708:15769950,
65863550:33604723,33438846,18699321,8244354,35562345,19606865,13736909,34818048,
34430998:34430993,45062226,36125575,44924524,44525289,36126933,23922038,
47773027:55868117,
48244511:1287409,54498705,24089556,32469506,11889279,667713,276599,19630627,3781980,30738506,46220009,2946949,296529,23396534,21588300,
53545342:1803244,
63754140:
63754107:12844911,
48244155:15684856,46407827,1884943,
48268591:1283615,45238955,
53545316:27316155,33568214,50485752,
48269703:1705090,1228714,5329541,434736,
48268398:20758543,1970169,3937943,3405863,32910433,39341146,4645583,27266407,3863018,8769116,31582414,8512715,34334578,54258069,
53545328:18603202,46642575,44292550,1844288,62463703,22234422,62270602,
48267616:12060186,23968483,13951035,35510210,788609,28722,12245208,22489770,
48268548:2067245,58294215,11470080,
48267629:46844465,2856715,
51398117:10119196,59462403,
53545391:46623245,
48359492:201275,
48359472:
53545290:975647,
53545294:
47773019:50064400,12256961,
55343478:26114440,
48243990:43300572,
55342490:65638327,52652827,5877466,4404359,21819959,9781945,9325363,58157375,47861243,58708594,33050290,21840047,51804651,48655925,42243944,16345137,18882282,54498705,2019407,47013875,57739504,24359842,1323180,27774240,65799709,27684661,47217086,9052778,61670587,15471056,45646575,43596976,56514913,3967877,36609063,35843238,30866314,33362325,59143805,22699244,23467805,39082018,33745191,37396387,26334552,3098915,34995601,17609060,675418,1629691,2284385,10119196,988764,25829168,51565916,29162195,58712131,33395546,55765726,7531578,7053348,25348674,32451996,11000111,1219420,29139857,4217199,33693315,54726318,22701804,53086512,34334574,32264223,17705593,50694094,3781980,22660655,35510210,20639681,56111831,4129024,43016658,4585667,4856611,14158298,58097758,38789698,675167,9809735,45001689,20199519,1683857,59462403,28870392,2384516,4286290,28508439,46746635,42302743,54367108,3593981,39091418,8381275,34181325,466960,19151162,56403605,2239303,3043795,3099561,45047166,30555803,5948698,12644369,4934589,16716635,54755293,1709941,3976445,33495443,30010803,58095191,6969552,15991166,33501132,54157476,1129363,27216202,2856715,1687414,39665435,22495666,3158698,374012,6502561,24179630,12245208,45094592,14673887,58373933,21607253,
56243833:675167,50303977,36281955,47508108,54203500,58576985,39771184,50904898,14835090,
64194519:28617964,
6921862:3930749,1050727,31813805,9966523,1241736,1304166,46480027,58962295,45247803,44189487,38530800,38531016,39898079,21819959,15769950,58157375,31070659,1308312,7004277,18834415,22016974,8140965,7702053,46472919,949093,23946485,15453166,38244567,4067488,50671885,1304324,21036756,58612123,56957291,34736771,28611646,42565820,31161551,1306853,9069638,45639938,52227813,23418518,54161901,17032908,51372812,36588025,11846110,5470262,53238404,22699244,54805304,1116903,1017604,297184,7014393,63231933,46625317,47007079,27315479,35067481,42566520,44205412,12272331,1308457,1306931,1308537,1275240,30638632,21282370,33482916,46217234,14537368,4433978,53424930,6168242,64837958,8140725,15179,1648199,59351935,1052909,953332,54754176,330065,31812755,22217183,2600548,44951468,21309179,1269307,21941882,34348533,31453991,15910652,19013180,1241841,65059467,52223545,1285487,1269342,2635969,1307138,1330296,1232778,1307937,32886660,1241824,291884,7076575,23319344,58824798,1304135,1307219,8443448,1122743,1330323,1307153,21608448,16919302,42698739,1122717,1285450,1308508,17362704,1307173,8443980,42173281,21890935,45293444,8468539,8140594,46788231,1287350,1330314,58039507,58027829,5740934,21262862,24232963,6432880,5725654,316029,442949,23407613,1241922,58781411,1307305,1307297,47125795,1306874,3109294,30532533,58529242,8140901,1241763,1308036,36989557,540975,1285392,16822967,1155729,44397682,2637557,1287365,52223477,4007103,2324955,54849568,64247813,51332265,10531792,27605035,63246358,4286290,7338985,56842435,1510953,57686346,546941,61005972,51565041,29002205,8442883,51202851,8140705,591320,32157266,63885416,63263090,45141358,1304177,42234199,35546892,16243,1727530,762733,12855688,1307179,6128104,2000235,1050838,54070521,40113114,36982409,20991387,54597061,44160985,30555803,30636171,9788548,1306911,61273305,6444146,9996178,64524066,30847997,49178645,1306792,1307088,31728588,1308058,1304236,55014472,38093605,25714987,48621406,10572956,1307964,32097327,46974923,8865695,49607999,6969552,1269334,58741173,6210550,3667561,1304298,36799667,22031740,1304123,47051683,7671786,63270751,8442936,546906,24765513,59898112,19121884,61006395,66277294,20993526,24890114,48793103,38934199,52480870,1306918,23158306,11126709,64736262,50719661,50719528,31863293,5081173,12059000,5699256,63271511,48228055,56103145,18901306,23314546,22327409,4442258,18195321,2495705,1308258,300767,65607911,63054097,1308360,1158648,63269967,16590494,43056455,35360717,20898863,47779717,48488221,46460731,7205680,47568155,7999300,
47773033:32310083,65638327,52652827,
53545304:40369421,56264897,
48359435:40369421,1705090,
48359422:
53545301:
53609252:
53609250:
53609246:31789757,
39521488:15752391,36902342,
37623659:9966523,1241736,37623645,28344616,44397682,1304166,1637654,
64423598:1885299,4263840,20256397,64350556,7533410,
55932418:55945292,55858980,52223367,55912373,55167235,55868117,49675158,55689701,55933145,51657115,14031805,21357708,2804439,49720739,57596853,
50686292:7533410,7531242,7530663,18882282,7531578,7531405,466960,7531017,
53599057:4217199,34348533,11086111,33501132,33693315,
27972039:22115410,7208434,316640,15179,1328445,539944,305010,26129,169798,1648199,11889279,1269307,24617094,17362704,7185144,47639576,567393,1304177,42234199,35546892,16243,1727530,762733,12855688,1304196,1307179,42370282,60361340,43058858,62655668,1050838,35649194,26215157,21296111,1269334,562629,7208464,3324503,15687191,
34711516:15179,1307253,63628535,63561286,63560548,63763751,45627577,
56567109:41603859,47304358,4436733,54101735,28993291,149689,31448553,60344914,57178287,58654839,59600222,40186190,55203196,55504148,58269651,
28184688:7185853,5944619,20947115,36336560,39030239,11735521,38545546,63628535,63561286,41250294,49713349,38799393,63560548,41787476,41204786,41304840,8949493,41779727,14003420,21121211,14101118,17003920,57892894,57892068,9966850,52638456,5393374,23576525,41250711,66170638,311735,3724197,38848047,42700392,41816364,2970234,14179814,35298962,2068785,38866124,7044021,8221546,28853,23505462,38778205,1466762,7183202,41277121,25122628,41277641,41299428,41288043,41200660,
34742927:1660219,7446930,6409450,7028528,61853164,8949493,25846573,23467556,23492946,479974,63178531,7339773,5393374,36467187,6181870,334654,31805193,41895537,5944706,7044021,25777449,3977512,23505462,7183202,14862071,47839074,
50862119:1302673,15204479,1424546,1397256,1086667,
50862090:12510118,50725953,13122618,63560394,12928147,65214192,65223722,60407322,32160281,24418312,1773999,55903234,25291216,63470260,65225263,53213467,55639719,23429079,22772253,59089916,33677318,47118524,33677482,56137401,13122404,2148202,52769960,61177232,24605569,47910652,12422413,57231330,65226197,6060597,61430089,65224527,52848891,52950905,3169781,34202858,56391396,65225192,46557857,52747667,41602581,1036056,12928288,45098326,56343419,11406617,23081181,65233542,65224094,65214371,50570508,32160854,18686494,65223081,372862,58110195,28387208,41060262,35901016,36556234,15212637,12422535,38918051,18686819,12601500,
61135571:60547628,59707842,64705622,61127431,48898756,20616931,33103552,43373706,2438889,56391396,60074647,12928288,43613069,
63571617:12510118,38222110,3223157,48332233,5565110,63526530,13960525,40657552,50775612,43121156,59097162,55693486,15212637,38846332,48533163,30488457,40292548,7149969,394384,12601500,12396503,
12425614:1397256,59395592,
28731075:47350827,36330975,22884038,34376622,7093427,65045641,53903530,12422346,48122215,46953034,49097138,41574196,63627153,3405103,48577882,48451830,48300756,23219527,48208594,48344471,3656501,2456262,35003819,41966234,53468925,28919185,48516085,41656509,30488457,7033514,
23850096:479974,23850188,23492946,59998133,43077581,
41392284:12397126,60547628,4549513,11256072,22652533,1363546,64258488,24025603,61105989,23968367,61106157,18893147,12510118,50725953,59707842,38955827,492421,52770119,13122618,20720247,43348075,63451672,5015670,60894183,63560394,13058340,24195302,43426866,62483192,11664143,12928147,65230588,11625682,53306190,62372701,34242779,37996520,56206902,65214192,65223722,60407322,32160281,63619038,60436661,12395773,3147115,34843422,52747286,12601509,27382318,47526911,38222110,43241932,49043374,48350012,59926133,38933639,17110109,64962373,64139031,334672,43104097,6810021,57785797,1773999,52751633,46965939,61164195,65362567,24074255,48369605,60101397,43451979,60879212,51194550,480662,43599578,63561751,53893087,2083836,63470260,36040773,66201011,373742,56931940,4808413,11693994,42990223,20720320,7358867,60721581,19928662,38887443,60435531,61295734,60359488,36040428,65225263,7010458,18440392,23972214,24499552,46618615,53213467,46284733,41636901,47736656,23957567,45133419,21669170,6052970,34380547,584764,7149660,6040419,37396770,23429079,60480999,44844549,62978841,2013584,28982431,48898756,21250613,22772253,59089916,6564691,55337662,3009461,64340020,24005005,5849733,22652715,36331367,33677318,48531285,47980428,47118524,52740973,42865768,48332233,5565110,6027296,64292869,53660479,36465749,35249433,13122404,43331139,6017324,64356463,7123359,24567815,2148202,35117356,52769960,55968560,61177232,7084947,56943751,56038615,20615985,53227234,12422413,1363550,43373706,63382982,37672844,55617477,57231330,65226197,58909771,37682951,7191761,450153,52591875,6181870,334654,41766223,64050365,62476753,6060597,12395949,59319255,20615987,63620838,62312220,49330807,57846366,65224527,44190313,64415695,52848891,52950905,679842,12927962,3169781,3530111,34202858,65368259,43459848,50448355,50623930,41229943,2438889,61135061,5783006,37847546,29771303,56391396,43165820,30944726,50775612,57081112,38382971,43325067,65225192,35276488,28900952,52747667,42772495,47898286,2390475,34325303,62896487,24024473,52314487,65368418,14618091,33854017,41669614,50994796,2258098,43294268,61177155,66275464,12928288,61110558,7148149,18878214,6482465,6040460,43613069,59060930,1889583,66309409,56343419,46880798,43150427,11406617,23081181,65233542,65224094,38409758,49825464,23636952,35567675,65214371,12397615,53280078,27084504,7384391,43128457,43124488,23965866,50570508,29272670,29271925,32160854,61274200,63996901,2157124,34223572,26295888,12396721,65223081,372862,24403678,24551614,42302659,53280260,25190557,7034676,64346317,63987051,60363711,56502393,64117430,20068568,60797935,20721297,17320498,53227713,32543576,8717221,26073870,27800696,5928036,19215916,35901016,43680108,7964216,526677,52465896,43319294,64070489,36556234,7146555,23934971,2701039,6050658,60356370,40854197,50935620,15212637,50670075,7468141,60169436,48191793,63773896,53346286,52591971,38918051,55883666,57015485,13058424,13060586,38846332,18698109,18686819,48533163,22651636,40292548,53859425,7149969,394384,12601500,65214920,60720320,
43761881:11664143,12928147,12601509,27382318,1773999,20720320,36040428,2361144,6040419,5849733,6310954,12927962,5783006,12928288,6040460,23636952,1036128,15212637,7468141,12601500,
61209659:43116592,43116861,64345474,43178888,43236076,43222154,43180748,43182003,
45014650:7202413,15179,45061086,46618615,45014808,4547150,7315158,3515990,562629,8221546,8708701,
42383470:11750020,300028,4549513,7112761,2376143,47863152,18893147,38955827,1148656,11500088,22675227,57145056,43146607,43155890,4521165,9104918,31562962,3147115,34843422,34786321,10653530,334672,6810021,1773999,953207,46965939,25291216,3311321,480662,43422863,43599578,63413311,23415943,43379141,36464751,373742,42990223,19928662,61295734,46618615,444585,18506500,6052970,18404209,26382916,63178531,44844549,43194460,479912,43297821,8232439,3009461,4180935,13043585,57511869,4814645,6068092,38836655,5565110,6027296,4849596,38162783,20616931,6046072,6017324,6175059,24605569,6694801,3616691,619760,14641276,8222151,10831110,6270065,6806178,5306068,6181870,334654,64257249,3869619,48151453,43524607,3530111,18686680,2438889,3442575,25058732,11873555,14396569,48522422,43159992,12397215,8542358,1331672,18036904,6823784,43124488,1036128,38058384,4370206,33474311,372862,25777449,6063379,56137727,53545084,7964216,1011075,43078781,45265205,47839074,45100852,101730,28880120,43180321,394384,3886626,
45014670:2506344,47327116,48425156,2500390,4958049,54101735,10016800,60344914,20904386,57178287,59600222,63460991,
39537829:34711594,3419725,18200346,4745700,17070949,2310959,26353754,34041184,25201872,10586250,19327028,35500705,11985239,143494,58681122,9425658,33887492,2595222,35614324,5743791,8820754,19257097,7739700,32044437,42473776,49049710,47555900,47484991,33561465,48825226,41068127,2413776,11050818,1958229,62257942,2235249,4033612,12640121,
60507271:26129,
60729991:41603859,36040102,37738460,59910892,40186190,55504148,
39540180:60567428,1925069,50934886,53451613,2552139,10375928,51118264,42710132,32635307,27916242,35649194,35812167,
41986400:24343484,36040102,37738460,12065528,28274171,30674,
41986358:12886233,10375928,
28184752:36927014,7062871,35691697,324892,26129,35161598,30984313,31015542,36136029,11665636,1524730,23576525,38512877,7300197,8889673,20055768,38726805,35298962,546142,10790831,41801448,41186890,4763132,
11709919:144638,1169840,18702416,17749927,37865597,27939015,32253799,20713032,1907931,309668,60340867,21224368,5147371,9543315,9253629,44779904,76916,3740470,47487401,19764120,37361200,29568246,7567624,3313486,6515540,34739015,
47381817:16243,32575729,63639663,38754046,59590767,60361340,47180598,63743527,13433031,1395130,
60254679:10477675,61429312,504330,225585,20011153,
56567293:34501652,57159309,1406352,55768883,21937082,369508,60760920,2566991,3546038,2166887,1828843,28993291,40186190,42018400,4400660,47727579,
36945542:59590767,44404169,3556820,47699782,33421075,3394212,35204566,30831414,5893900,27370908,45676895,28034562,4051058,44776565,32292571,35153446,2834117,47586542,38268366,33898815,2481515,13420707,39053218,39486601,25796220,12361372,8543516,12637577,11995016,36756812,43356298,35310988,15176533,8031984,3490689,2386686,1505056,13489296,13035282,21206388,4154085,34479216,59159958,856451,31054787,15406226,29559811,6783515,41370833,16430703,16705729,36117644,1425915,708393,11550516,47556268,9912301,47618233,8017206,47725560,47725461,2122585,2640900,16234145,36859716,33899381,48700802,5973979,
42664679:16201084,33561736,63215969,
46595917:34924954,26458186,
52338312:52338320,
46595832:33062192,40287579,27739099,
46595973:47508730,41479757,
59565946:59565941,59572123,
51904332:46738218,59589104,
46595881:35995422,
51904113:59853322,59881057,46757360,59881454,59852466,59881741,59852106,59854248,59852862,59853101,59853716,
65313663:47589138,
51905110:47401553,47385936,
46595830:5840777,39106523,51110710,39911572,56912357,54279231,
42679026:60385846,60401772,11586977,60402174,60395300,60402929,60409480,60411076,60409736,60417745,
46595792:31844624,
59033271:59033273,
59026380:59026385,
59025213:59025396,
46595808:33143302,43213859,43124611,29964748,45426827,
51905773:51195892,
42698558:24656705,22773243,19553705,46887584,24042481,
59075132:59640866,59634760,59634392,59075140,
46595775:39889016,
51905148:59756608,59738773,59757093,
59221826:59230821,59231665,59221838,59588444,
59214747:59214741,59661311,59661664,
59213081:59704388,59213089,59652787,59703690,
46595685:58110504,44287999,38007059,30528982,45696863,54778654,49017701,
59598101:59598104,
52303602:59000354,58969101,59001341,50712316,59016105,59024472,59017016,58993894,59017269,59016506,
49480578:34611762,16838042,51690222,2213720,34293593,23431581,50477856,22640124,48360012,1440532,12564952,23191262,5413999,51585932,20975240,32600313,31076058,1122717,2960117,965437,27885019,2037915,3400922,10403176,28147776,53777576,41255769,47076878,11300792,2574684,17352332,39918610,25916088,41098678,1141136,23785853,4251005,65882665,12129123,22434647,41692773,5609148,51606289,19943521,9224615,51520943,9857676,22293603,14432642,1105482,1394575,44515338,7026218,862481,48005942,
36897760:12816229,36833556,49056075,36954212,36911225,36801612,12817908,24097307,34357079,
36897738:34357079,36885031,41744605,36708808,
36897751:36708808,
28184948:17236889,61795854,56604020,6165789,7800951,8545547,41199679,41241958,41197944,24090595,2178164,41248316,52260695,13569384,20633261,906792,23883046,506952,38954120,2791964,33774782,33082008,32593371,4878825,38754046,52468454,886858,667820,34975698,16243,1724322,3421031,41190568,42820120,41231083,20613038,39307238,47859525,27522365,41191379,47703375,1395130,41242312,
56604029:56604020,
6821717:32436411,197522,676919,32442573,3116923,3199333,65449119,3636242,3616818,6821798,384368,16243,59659,2390475,3021964,24052669,
62210564:506952,18299942,52045001,53259328,65456272,28278054,27773074,30527239,28257207,28331183,61091687,28255962,40886778,57287159,
57260979:53248531,12684341,56018282,26551217,4129024,24201529,1458929,39703084,57162757,5725654,12781687,64398587,62114142,1704980,455033,65390634,58373901,50643346,6957391,43388847,43008841,51069942,20989624,1218722,43210958,5607528,60281259,64435452,
16515114:3421031,15177816,6165789,33059259,33060140,7800951,13569384,906792,28291686,2791964,29040424,35024939,2970234,33019435,51590213,6139690,5018293,
11707403:29426,39426098,10829101,65078481,49502338,64306828,10866818,6540175,5113197,41094911,615613,10564145,64673275,35011835,5774005,10979384,
62712160:40573992,40350078,
35994622:59356816,5170425,55237452,43781771,55283226,50246848,
58392849:23410050,1307153,62114142,886858,58373901,8203733,1026360,5840891,19409095,10613420,
60262041:305010,38789483,60261995,60262009,59910892,60574027,
46299172:1709941,1683857,1687414,
22219129:36902342,39665435,4404143,32451996,33470027,28762498,4770195,14158298,58097758,3158698,374012,34181325,44993049,6502561,39221843,36901669,
26111319:22489770,45094592,14673887,50510573,58373933,
66047775:1637654,6145284,
37545529:46480027,27684661,24232963,6432880,442949,26529225,38934199,
5683675:4495774,29097591,6732789,11029423,
63251099:39051255,36762055,3475868,25306245,399065,4893366,48851182,6167020,46220009,63251307,66010197,49822819,29097591,64291568,43744505,
32348207:399065,36762055,764428,3475868,4893366,48851182,6167020,29729558,49822819,30847997,29097591,43744505,
36071107:2418326,20758543,60105348,7415943,54161901,51372812,56502308,50695658,27315479,46217234,64837958,24422793,6145284,63885416,36982409,24231552,31742808,6210550,47779717,5531823,
37545445:
37563234:27684661,59143805,33395546,54726318,6432880,30010803,
54114322:18070819,56884810,20758543,65059467,6145284,64247813,63614889,
54114303:20758543,27315479,2418326,8381275,
8532879:1241813,16942928,8819585,8259637,1305257,296523,1283626,1308557,1308360,
48605407:50493670,
48610771:17941590,15453166,64502019,42594269,64349637,50144126,48621406,2332617,
39888808:51332265,38401200,36425172,5081173,
58543104:30817041,
56357903:63066080,62728323,6269572,24520802,3207813,49313407,1308430,2882777,65597313,1308385,36530355,19682628,63056002,66365866,
56359174:1221209,
31870233:17702116,31846270,61932389,
23819118:12867674,8201000,4478870,1062113,7470169,8200980,
12726130:1241813,31070659,21840047,1308312,10862710,28286955,31812149,58612123,31161551,47888400,11846110,32113052,5470262,1323180,1116903,297184,21309179,42689474,1285487,1241824,291884,1308472,34292277,56366883,49188253,1308036,36989557,675167,27605035,56842435,8442883,38552664,39091418,591320,8443448,296529,1283626,2000235,54070521,40113114,58215731,58610245,10572956,41354862,8442936,12245208,1308557,23314546,63195116,1308258,300767,1308360,51299112,
12198129:44512677,8140965,8140582,50899012,10676738,5470262,45389960,42594269,38095870,8140725,64504119,8246369,66286062,8140594,64349637,316029,50144126,8140901,36989557,38769523,296523,41354862,64638451,4007103,8140766,41048039,64520693,66294548,40113114,58215731,9996178,48621406,66340636,34179125,64461095,65647475,60190871,35360717,51299112,
26890529:19073927,4161401,42624873,47105404,33528244,43454996,61012696,42634865,59102487,
29039343:37748751,40435758,42624873,47105404,5798773,42634874,22900258,42634865,59102487,
40607248:65996742,47631516,48148785,48621406,58641166,25099668,
49247527:34893155,
34346758:59786788,35170728,42088010,33528244,42089190,3615557,31175792,
26890544:6184247,51836016,17922691,52543527,57572489,5794163,61173613,61012887,5799015,61173536,45246494,61173663,61173566,36227297,64395017,
29038659:31890559,5794163,66390131,22105500,63415369,5799015,44173954,56748953,63427753,
34747130:65846498,7415943,65059467,58027829,2637557,48381287,59898112,38351566,52103760,
26973712:36359959,60444744,63420251,38178766,20323864,65756777,63388624,63390009,61399717,63416338,63720415,
26890617:64613539,1248789,4161401,66293818,65806239,38818981,21382733,50932617,59957696,49511355,
29038678:5707010,5797606,65974191,55629297,5805426,66311047,5811822,
34745761:44189487,23946485,65961290,51372812,50144126,48167579,65968214,11625856,27720756,47779717,
47936240:44080154,44317307,44295696,
26973746:64966638,41296014,41740511,56133268,51584601,28632444,52835888,44977133,59172006,59248116,59161131,64062398,27843981,41520008,47811820,66297082,52713082,42224654,64777665,53449947,59568290,59174398,25515055,
26890655:18069090,4161401,59135357,39821670,59043903,36117409,36124259,59160210,63244861,65161377,
29039331:24217634,5809525,64779470,
34745399:8246369,63246358,23314546,
34745451:45359874,22327409,
34431507:65161691,59164063,43529435,59137467,58825244,59031250,59135357,21891688,59043903,59145767,59068400,52747601,59160210,65133638,
26890446:547016,29200852,52543527,42793852,41931192,40584952,3429671,44942990,13321644,61006215,43514461,65631681,13165754,47047605,27831935,26120567,17922750,44615822,63244179,34738868,
29038671:5707203,29200852,42793852,44551119,43158420,52372622,44942990,45084621,44355404,19765379,16604244,40503310,2029987,44685367,2865581,16898431,26120567,294148,
34636171:1637654,4587922,1275240,42594269,59804678,64523928,1241763,29002205,63263090,9999729,61006174,58741173,
38741284:34893147,
34346754:62288535,53228010,32552228,
66067064:42246753,44396435,
17618244:53243813,63618308,52584306,23919938,20553334,19765379,36185515,33412576,39296850,36940508,54233539,
27048712:9536327,64150801,34638133,62416550,9549945,
31178689:45425639,52110403,57804124,14249773,57959480,45426242,57804552,45425133,
45994361:49481933,45595179,46757505,
26962594:5775309,24035879,34131849,42836216,42262019,7286531,25219960,
32661029:5775309,24035879,34131849,42836216,42262019,7286531,57030151,25219960,
53986048:27831935,45415852,55187826,
17618176:43514041,63618308,4516438,45397096,42546262,47343355,5330317,
52076713:42064715,37769059,
22459811:8765605,33852163,33871775,33872371,33832295,
36313220:36311077,
35364714:45037958,51999764,
42979835:63618308,
42979834:49412431,
50088036:41457435,35890877,50971863,
7318734:27011511,2472277,66293818,50373689,65561496,8266547,65806239,8244354,59841088,64062398,63251307,32919140,42216090,35470219,49980767,47099732,3538538,7440698,7441425,7237240,1276452,64997813,43759707,57895718,
61314583:2472277,7440698,7441425,7237240,43759707,
54233809:53243813,52584306,20553334,45454143,54233539,54233764,
9745957:48602617,37650491,48933909,52705283,41268283,47589138,54655485,48598022,35795894,44474471,64395017,
53269936:48079323,
56073565:5278086,42204722,14484109,50668236,9734640,54087013,53930245,53938868,
53437110:14484109,36946362,
53436502:32199299,26862256,32611423,49118201,57931200,42655608,42204722,9202353,43850706,50668236,42591181,21749401,29572467,
53428087:5278086,39699805,22518649,54655485,58017300,14484109,50668236,9734640,64395017,31362383,21749401,54087013,53930245,53938868,
47291485:47643935,40196990,47653712,65659506,47686026,35308342,36233169,15711966,
47686050:47643935,47653712,47686026,35308342,15711966,
62638520:40196990,56900570,
6945065:14779215,38604818,48344861,41997021,7007889,48412794,47988553,48321532,48411435,48412578,48402155,36217230,48359605,66339066,49078899,48400801,48356170,48403966,48360835,48383531,36654707,48361122,48410527,57666251,39453614,47653712,40584952,48447460,39208900,22065498,
53508131:13325164,35570761,27417094,54370996,13321865,43961514,5016743,13321644,31627330,13325323,9426210,9426235,8499681,53466081,
60433720:5016743,35313221,10531792,9946279,
60433585:949093,42546226,40716712,23139822,52663435,59834795,19167263,59804890,52653290,41163005,52799736,56468706,52836036,60289224,59085937,52764561,55058852,64271975,52745565,44854947,52730014,44129227,49504614,64195461,
60433702:4806703,41883916,52242353,53982941,46820493,52780425,60992192,55058852,21994219,44854947,
19371175:44624322,28854505,43088008,34695828,3025785,8499681,
61647515:61624645,61632355,61640042,61615204,61632834,61639919,61647604,61647419,61588092,
35096460:63602866,63602707,66158472,57666251,65373029,65372959,41931192,27831935,
53363267:41997039,48334781,48312425,48320479,48413019,42023285,
41966195:43868684,52993345,
22398417:65456272,54531659,11183576,54531695,66194746,22398375,21416103,21386797,17522346,8932243,14510444,17520326,34479957,60643811,51550220,7363318,21390139,21429295,45246494,19765358,45379911,21382733,21389078,14510237,21481358,10549875,21432030,21769262,1917807,21238972,
41966164:57681212,14537368,2637557,41996703,11625856,58215731,
21458870:54531659,11183576,54531695,54519329,60105348,51839377,7415943,21416103,21386797,17522346,8932243,27315479,14510444,54722118,64837958,5600102,1915235,10883930,49714733,7363318,44830625,25561532,11032567,21390139,21429295,20542946,47874308,21382733,52418868,63885416,21389078,14510237,58741289,11183340,10932176,5659699,6210550,21481358,44037418,21432030,56554312,21769262,1917807,47779717,
56126116:5659699,56130129,56130036,54427612,
49986002:649718,
49985997:54531695,62044626,20413485,1917807,
21143946:20413485,20688906,20416929,20976840,25515249,20433259,1983963,20553665,626551,34043884,
21143953:11596922,20514592,20542946,20419098,20447561,
59537884:20525422,21575571,25093792,20459650,25139835,25827014,
59537973:844444,1801066,1939254,724130,7121753,20426267,1801743,22047409,6060366,20532294,
21057705:20440682,20514592,20450692,20430222,20419174,20416021,20438920,21077136,20456262,20419098,21249385,20447561,
59536935:
59537001:62287754,41197370,
59536926:35765318,37086936,32533117,51315175,61476225,40909639,61572550,51195021,
34002076:9590186,30365942,
20518161:21575571,36243060,992200,29493497,54722118,36927222,49209450,25093792,22701804,20459650,20542946,5714378,35934350,36291894,58741289,5659699,20631917,46874174,
50043271:7647291,57903488,7004156,1260693,1889563,48029263,1625335,649718,54427612,4360490,
9746199:22441664,66313303,66172066,38605702,35159452,4647260,44507300,21405814,15582219,49833623,2929191,59087094,25306245,1191700,66010197,2438178,49215545,1161423,43432639,1287861,5337542,
17696057:2929191,36753170,31494924,13489798,530435,26383833,977446,1557289,6931501,30449312,5240238,42935260,32223986,889581,47862905,562641,429277,535399,352440,4267272,38275787,21657279,9022731,
47498983:29684128,56739569,52677568,25306245,66010197,
49824675:47994253,49833623,49215545,1161423,
32348301:1308594,1241813,14085294,12247219,44876012,1308472,13504122,1308036,29486162,307191,1261181,14200419,35708977,1941101,1493917,6076163,803145,3570630,12639192,8818487,12389683,1308258,1308360,7631856,29009186,
47503395:47501550,
37972438:47501550,5787510,46315311,59700931,37955477,32941696,34536204,60179359,65890368,
9946501:60833244,35477004,40746674,51469728,161692,1725034,64588807,13652,371343,64921803,40746788,1212575,62974024,56201264,2479279,32231,
57166196:161692,
57166210:2895019,27762516,
38216399:1725034,38605702,61537318,2253485,38645426,30247629,28131227,55058852,30248242,44527902,21994219,9622737,44423488,
38216390:30579956,
6272545:54067002,5470262,33778315,296521,45412159,2452810,41354862,59080457,54066935,13111370,
48757353:50763174,61640272,23119979,60951112,32561009,32079631,51739307,
2798739:4906568,1194742,19073791,1194850,10090433,2189402,19073805,3401832,10090036,19073963,19073927,6184247,4455069,1248789,5337860,15589439,10825879,11940970,18069090,547016,3401776,
9726069:497463,41652097,12875486,32504384,49833623,1161423,1287861,14015617,
49209233:9426210,9426235,
49904958:50085311,
55576538:838743,
65956644:
9726060:14015617,30818974,45072484,1482129,32495601,58823390,17981867,36244062,
22003100:35686044,42006047,7816577,64562856,41649296,18699321,61415000,7816677,35614362,35616943,43514461,39316569,35942807,35682087,36117409,36124259,
5044139:219681,59998443,57662623,59835447,25575112,4419023,55517232,4794193,539185,4344888,5172210,868418,62609399,28492855,873884,65720635,65689704,65645993,43340482,2428590,10993797,35625142,17659202,4534703,6654746,2127184,2372849,3254180,
53660387:219681,5213788,4837967,35625218,55517232,35669461,5013401,4837986,52031730,1673550,4838156,3254180,
53660208:
54037199:357055,356897,358869,17359,219681,
54037271:12503685,5213846,5212987,5213952,
54037318:5214046,
54035940:43292334,36275065,1370852,5213506,36764076,36764209,4374758,5120702,47003193,419383,5213693,33111699,2860641,366741,1197110,1197119,5044094,5184194,366735,4493593,1689599,366732,219681,33117465,3247089,38218712,7594022,61944066,16978654,42901991,4492090,5091460,362229,32126540,234519,4771813,5170858,365924,5090933,4473517,632127,5213743,4368225,28549297,43726268,3480014,5183152,4794882,5213300,5091591,5095755,4771243,5171928,43286838,
54032967:5043919,5214539,63963169,5118993,45412423,45420240,50317641,5043579,4770073,4769981,5213124,2654517,52684742,5213082,4771254,5048138,
53660398:10512589,43303465,23891409,5214194,4291497,17299,1523865,1523836,13831559,4283818,10512758,
53660360:4799998,4380008,1141976,58119680,1390155,7594022,4800480,4815467,4800262,5023058,5020345,5022347,5023103,5175267,5091591,1197175,
35816675:14015617,7335562,35192899,24932445,37769059,59035783,5820958,47099732,30554246,5726405,
56859220:65561538,66293818,65561496,46268924,59841088,64062398,36214108,42216090,35470219,47099732,62851747,35888604,43759707,
56670856:2472277,65561496,1276452,64997813,
9746453:39344776,21977736,7335347,45694887,8266547,5794436,39345004,
18500173:34290861,8346924,41836928,35614324,43356298,65631681,13165754,35623801,2865581,5726405,
56695258:37748751,35515647,48182202,1482129,58823390,13736909,36208836,
9844738:38581478,46179423,2002248,33604723,33438846,46184862,5195288,43454996,65526933,46179747,35562345,19606865,21977909,51793243,51802598,47212793,39914058,39924463,35590949,64344405,37848501,35205239,34818048,3017534,
19525138:
9844643:3226859,65852538,19528602,3228337,65803528,40011886,4128597,
19525130:19525256,39821670,19525114,
56670558:37748751,37829914,59035783,59205873,
23176766:52110403,53243813,52584306,24932445,32504432,20553334,17981867,54233539,
35364734:40787305,45149833,43764659,38819161,43789277,40898233,54426620,54453428,54450994,53405350,54692819,54768544,43252181,42812040,54749636,31001434,54422983,55296132,54692971,54423115,61094469,58884031,42333338,53407629,1596533,48770833,41890052,41652097,38014417,28156864,4452347,35245055,54423173,34705140,54597303,54875178,54422750,43214966,53407951,54792207,54792205,43764385,22798692,43805764,44127248,25267712,33412576,32159640,54743017,39296850,55691233,31685780,43212951,40920493,54374343,38055213,
17560238:49092537,41806327,41921474,35057608,42052930,42086744,41890052,4452347,35245055,41652097,41994335,42072314,41810045,42006368,41806342,50149154,43601478,34893195,41942003,49214691,65545027,44172066,44206792,50149397,65062388,65232419,41994274,41997114,53344153,49780054,55047064,49781000,41896019,41815941,35635730,49834261,49208608,44317307,65147367,50244223,65172045,55177848,65613872,41814968,54600633,41940793,65276264,53372256,65648399,65224864,49879772,44295696,41929808,41899333,44234411,41997576,55177855,34893155,50149289,53372049,42007019,41998218,53372213,50149223,41449132,65185901,65555858,49899080,
31261286:43148566,20639999,49918934,43635204,
23084351:20611919,22105406,22065648,20613884,42556335,44396435,16085060,36639541,57390087,57390255,54889529,54889540,60300520,43487641,
53407536:
21461011:35570761,27417094,18914234,43937978,43961514,23132515,34695828,4612986,
52499557:47477786,38695496,52663435,48973006,20596126,49188253,28344616,29775567,48793343,48793103,55058852,49909007,47568155,
56878656:52663435,48973006,49188253,28344616,48793343,48793103,55058852,49909007,47568155,
52511167:55663625,56502308,
52556621:46935825,48793343,48793103,
52326603:9069638,6277511,48973006,21700299,49188253,28344616,38645426,55058852,47568155,
55517785:1241813,1308312,55610571,11846110,41883916,20790734,48973006,21309179,1241841,1285487,1241824,49188253,25802903,28344616,1287365,10531792,38372552,41996703,66294548,32097327,48793103,7470169,2495705,1308258,1158648,41323795,
56877528:54120894,52663435,64670297,48973006,43963165,39699317,
50819506:
50899259:
9829608:12698527,7245766,32383521,1916398,18697460,15295535,51079240,4578571,6909365,1325294,2833417,
52845663:12484184,12474355,12474409,12474417,14678693,12426217,624349,12426586,12181791,12181800,8299542,12434983,232926,12444909,12473901,12449558,911359,12178476,12449295,647667,12452190,12452167,5271077,12452121,3357888,12435283,12181752,12181745,3302905,213426,5270839,12452559,12452730,12452613,12452818,12452842,12489818,214716,2810814,12468302,33884770,32608275,12483104,12483131,12483124,12469163,12427158,12470474,12191134,3318542,641760,627717,12492748,12430982,7893696,12435870,12435883,2793648,12472031,12485526,12181620,12181588,12181615,12181624,12181637,418592,12439836,12459079,4305999,6790060,4315178,12435033,12192962,12488310,12489705,185150,12459420,12470906,4075350,12470934,3318486,4610165,12441140,12191872,12192689,5665753,5665678,5665743,12192083,5665672,35866503,5269894,12192816,12192733,12192755,9896090,12491289,12491338,12492485,12473916,12489550,12489541,
9829674:7382478,11805166,2423768,42711126,31669799,45300231,33375538,31758505,
28128396:42679321,35765318,9951396,2150352,56004011,5787510,18459346,3077127,42060676,41205459,58015904,5170425,3936178,4300418,38827520,39749231,38922042,5090136,37322106,51016785,6202446,53673622,9976763,58089859,4843251,23980730,53356874,27213163,1747692,47080521,54299178,10892479,37955477,58434590,32941696,16850955,40909639,33286012,4521534,52899334,16262270,36625192,19102889,55283226,19174305,4883547,38265179,31601544,37558291,50246848,34536204,59618729,47101952,2349353,
38602936:26325450,2506344,26499399,53713522,2853280,15858518,35765318,43855802,2150352,48932755,1793072,8356148,6961924,61104715,42060676,41205459,58015904,43049126,38922042,5747371,50993186,5207807,46354432,6202446,57160349,53673622,9713100,53356874,1747692,54299178,41750236,58434590,3600424,54822686,35785245,46395624,53655883,49695984,61163825,57589175,42634868,60600284,61812450,4883547,31601544,47133788,50246848,58873997,27590677,17682521,47101952,2349353,34222546,
7619829:28256164,35192899,45072484,43850530,5820958,64298523,42536410,34459771,
64424135:34420088,5775309,63421458,64535218,64563919,64540852,64515481,52732248,64775614,21386797,41199500,64733978,64400113,2189402,3401611,64685219,46475368,63421029,64665661,19073963,64423785,34431369,64665820,65941179,64785165,64739166,64665846,64298523,48290450,
28091120:36483325,32845207,5793883,43066157,44942990,5797780,5799363,55854652,42348894,294148,34459771,
44852988:19178639,58119680,3017626,5023058,5020345,5022347,5023103,523282,41266139,
38121804:35621998,35930698,
56669293:8266547,62963630,50913613,1404839,
46193565:29848391,
44875414:2520840,37741052,59993934,49704848,58823390,41591599,
9845009:36305610,53855740,49589527,54545064,41892434,62780358,62085734,1100160,22002733,15490,1022429,35539492,61438456,24596085,28911296,4176985,28558508,43455690,815456,41892498,33482131,3689664,50638700,43455261,22003034,
4994843:15490,28102695,40959432,3575102,
21981532:35388951,35249902,62162206,35309200,9901724,7679946,5069932,
4249039:61608715,46853,38242193,28110845,24397942,7247,2026082,42188700,50162929,50166220,2858036,50161745,50163796,56870568,52893508,14149,10893142,33054518,50166113,15490,1197809,60335329,50166172,20254041,955784,105370,77495,6568100,2627948,41797102,4237797,50332562,36678364,30447361,46608233,50164286,298170,378625,
934681:27170710,27171113,36287853,4669301,4129210,36489099,36424337,29767790,36243341,4262596,27179792,9934388,46379142,4262688,42868105,36488108,29799136,50166220,1093392,7444707,21059343,37214045,50163796,56870568,17666193,27659267,27180314,50166113,36305725,2934297,64277686,33525697,36313799,19774152,28285472,19257904,4669948,3985400,29764119,50166172,2685486,21507680,4669873,35694610,36402413,162248,5800789,36214108,27136377,43922835,33915740,42593208,33474792,77495,36519783,43922936,7097843,40774911,36489293,36488583,4669894,7805524,4262559,36678364,5419484,36196075,6034002,36270621,35898286,7333577,55721445,5475445,4129215,50611188,
42073294:8319305,54108703,4262688,3816992,4118891,14149,2934297,162248,20675,77495,421180,3677968,
27215183:4129210,8319305,29767790,38129869,9934388,46268924,2934297,19774152,3985400,36423953,43922835,20675,33915740,42593208,33474792,7097843,4088355,28199962,35898286,27212836,55705932,55721445,
29078302:31234138,239932,30447361,
52098231:9332582,44089035,5587636,44990825,45283387,1922061,50645928,3267138,44992012,163585,22357120,6322940,4251005,6942635,1922036,50693,
57153884:2628389,
46684353:32708,46670912,8319305,27179792,2026082,50162929,2858036,50161745,50163796,158780,15490,43608017,49915726,6729411,47210441,46608233,50164286,45319468,354286,
21405158:158780,2890860,5760469,19858843,2176802,25953161,5760155,12347327,
59245146:378625,210178,8223167,23023213,18630268,51948215,22792824,1188434,
4994829:19306425,349227,40342571,4110892,39724712,50195874,4344888,4000508,868418,1022429,14440201,1844831,44846542,10993797,1903489,815456,35625142,32807770,33526575,4534703,6654746,7395668,1423444,25477157,22003034,6863393,
51314127:1844831,21469278,17229558,44288289,4918169,4057902,2468694,3562235,14773014,4918196,4352778,
39670407:24583171,42311009,34638959,32703497,
43027858:51836016,36858708,42997297,41199500,64400113,21546406,64354587,1935660,33788122,36196790,36227297,2428590,36176972,59930581,59933761,
52380897:64563919,
9725960:52732248,62972426,66296903,64572180,64254183,63989562,
5879935:5729707,60517281,49589527,60804893,50496255,64966638,42021283,60517240,50692601,60517247,38581478,42006047,50492961,55286704,41740511,5706606,41932570,5707010,63450634,5707203,34420088,63482603,29200852,42566422,42216041,63775461,43529435,63754377,28256164,61173778,51836016,45642367,56133268,53305107,36863935,17096233,63421458,60105432,33932908,57035656,40080321,46462242,5710566,53198047,31890559,32226030,41571874,41871175,42428044,32583264,17522437,7816577,46179423,42997297,52257877,41892434,42793852,62501850,58900785,42428992,44902400,51251510,60336839,41871238,53306243,51584601,19525256,59786788,64733978,36359959,42663755,60120940,42624873,61357156,66296903,63415370,55676812,47105404,65802829,41737804,60336858,34431449,52232306,43107086,63421678,63426093,1193189,63421310,64562856,42088010,41517594,32845207,41862437,60804956,53306121,40835702,60107729,63467009,13644276,5727354,46184862,57358291,57823270,45072484,53197945,44977133,59179094,62226280,63421029,61173737,5794101,61173613,32047117,41883324,63805389,41618612,34430993,3429671,53228010,46407699,53304836,42054526,41871159,52214891,52214932,5795148,53196053,45319751,41932715,52372622,24067231,42052656,33528244,60804800,63420251,30408278,16799965,59544419,64665661,50072826,42054552,37482087,38178766,61012887,61415000,42089190,20323864,59161131,62526431,35164354,22105500,61006215,30795618,65973568,18183886,3615557,44586363,46179747,7816677,60496870,63415369,8542604,59841088,5798689,61012696,63032287,16898336,5798996,5799015,61173536,41068796,1201004,41415179,5799363,44355404,42054370,44173954,61173663,55084408,36114406,27843981,42052641,41520008,65974191,41591610,61173566,42052579,34431369,65977805,60496737,63432731,61784627,63307910,34431180,41883917,64665820,24217634,63482828,53195967,63776677,64254183,51793243,5801679,56810701,42145212,42540341,42054492,63410939,43143676,63416231,50719708,37677391,51802598,38456834,63262893,31175792,42052720,34420035,41862460,52214448,55854652,40503310,41932805,2029987,44685367,55095943,52713082,65941179,55632747,41618625,43850530,63434397,42224654,5805806,42273854,42800113,41741825,63430166,42634865,53197614,64777665,60105328,44076242,5807443,53306210,63423859,53195894,64665846,34625430,61012642,42161232,42161333,5807892,34431494,41892643,36233169,39316569,41884020,47047605,4128597,5020345,13914613,41892498,42120465,64298523,5022347,56883603,34431048,41529713,57030151,52214990,41871250,41660007,52305982,59224659,5023103,57894726,52214952,10009539,55709333,16898431,25515055,56748953,61376612,61173708,53195741,10008821,5810384,31034903,64344405,42216130,6824855,10046356,63388624,63390009,52258708,63427753,53222042,61006262,42000315,43455261,30387142,5813373,65133638,61399717,63416338,59102487,63720415,65161377,57412587,41871222,23922038,
9746006:28536329,27078259,29607107,61453859,28626293,59264928,2604344,64877717,61451190,31214567,48476436,53213940,63579606,45542347,7323844,13811261,25588760,
65072017:64820968,20906898,27125940,
65016318:64120344,64820968,64904595,20906898,64910488,
12672201:30864013,1241736,1304166,1637654,36962517,949093,31090843,56795628,56366830,56364245,1232778,10573159,7338985,546941,1306911,20234656,8865695,546906,20993526,1306918,18782855,56366479,
12778781:2383166,8881327,9946149,32148282,36331800,1304177,9946279,9944329,7470169,1571316,18348989,
59266500:59264928,59274486,
61222014:53213940,63579606,45542347,
31288222:31214567,12845384,43868684,
43381233:28625798,
45553931:53176597,50692601,61173778,53305107,46462242,53198047,53306243,61357156,53306121,57358291,53197945,62226280,61173737,61173613,53304836,53196053,45319751,61012823,61012887,61006215,61012696,61173536,61173663,61012747,61173566,53195967,50719708,61012795,55632747,53197614,53306210,53195894,61012642,61173708,53195741,53222042,61006262,63244861,63244179,61012848,
63815920:61012823,61012747,61012795,61012848,
20755532:65868773,53080147,52336253,52309564,52308937,44808091,44808085,44808081,44808060,44808053,44808072,20881952,44209617,66210415,
43398552:1241736,1304166,1637654,53871794,39207137,949093,34736771,40607393,53306763,53195899,53195851,56387170,53238404,53306190,7014393,53195743,53304816,1306931,47226145,53306158,6517525,53221297,53198000,6777740,1052909,9959504,53221916,53221959,27890186,57761745,34044338,53196025,52653290,54330604,53195947,52799736,2637557,50623162,28625851,53197870,52836036,7315158,63579458,53197573,12395221,57534176,11484485,53304861,52735233,56391161,47045980,53304890,1198662,45542148,61006395,48793103,38351566,53198066,42302561,52195696,52735212,14607722,50719661,2497478,53305252,52745565,47249262,52103760,25099668,64195461,
50622905:1241736,1304166,52745565,
43379932:21373714,45542120,11484485,63054097,
52655499:
65267342:65222835,
65222559:63227656,65222835,
63121887:40607089,66003319,
63121877:40607089,65996742,
63121855:44189487,65961290,52653290,65968214,66003319,
53928124:44189487,40607089,54446908,65961290,21373714,65996742,52653290,65968214,66003319,64195461,
44854771:1304166,53871794,65969644,65961290,40607393,53306763,53195899,53238404,7014393,53195743,13032824,45542120,53221916,57761745,40849708,41809727,52653290,44855092,50623162,28625851,11443906,65968214,12395221,57534176,53304861,52735233,48381287,61006174,546906,45542148,61006395,52735212,44854947,25099668,52491574,64195461,
43405673:28668713,
43425283:54105746,1304166,53871794,4587922,949093,34736771,53221297,60873167,27890186,65996742,34044338,25625106,44397682,50623162,28625851,54849568,61005972,11625856,47045980,50719661,50719528,52491574,
55768296:53871794,27890186,50623162,
31288208:40188397,32157266,
43342352:15769950,4067488,40607393,1306931,53221297,13032824,65996742,37623645,40188397,44855092,50623162,28625851,11443906,61006174,45542148,50719661,55724404,
43347063:4067488,28611646,21373714,45542120,48476436,7338985,48725474,44854947,48465789,
65016549:47243502,10472628,
48772549:
48772681:41809727,9999729,
48790946:
48790955:14607722,
48789063:10674621,61573047,10674682,
48977890:4906655,43066157,5797780,5799363,294148,48791646,
32504336:66313303,22441664,52529236,31725559,59274486,57625052,18914234,32504384,32504432,59329327,32495601,
3970643:
63442744:
63442739:
63447812:53080147,52336253,3216380,21663448,33082008,10222938,
63447817:52309564,64439232,52308937,612233,33082008,21819349,
63443709:57066104,44808091,57066012,44808085,9966850,8417338,14933632,
61949640:57061449,44808081,57059528,44808060,57057714,45099781,7315594,10932176,
51109280:57057383,63472245,57057193,44808053,21022884,57057021,57051715,21386797,45099781,23514376,11032567,19765358,17041463,21389078,21481358,1917807,
11707718:803754,6896709,27065133,10209212,38897225,51016785,19283927,34420425,19358404,59163086,23748112,41714700,4843251,3167956,22012856,3872983,66238857,60081713,50181269,2018850,3739534,57654967,56460019,54944292,4883547,17307306,2034675,37660485,61927592,
13752021:37397732,11760777,1586899,3349478,39495491,33416304,3349824,6243996,4424881,58117053,986188,6959112,48965942,5740934,20791033,19992068,24260,6510229,4858553,3739534,21301672,15267075,16657283,57095257,18524745,2271582,40823634,6536193,
63442737:
51109276:5174257,44808072,57050824,20881952,38027961,18770954,11183576,21416103,14510444,10883930,7363318,21390139,21429295,21382733,11183340,23092576,21432030,21769262,
2894712:8037082,18614700,40092703,2745,59116045,2891072,1194850,7190728,4534134,38213645,39954100,44858193,39932265,39636211,9892384,51520651,1761174,14555841,14555908,14619776,40353347,14555975,2894640,37249971,39361864,21950,39401484,39362384,1119495,39429336,17355859,2885471,2962112,2870522,39369827,7299987,
51109273:28842009,28281226,38238175,43763385,43828124,55172040,44209617,57296273,51804742,51046467,53501529,60086893,58516115,60088883,54519329,56439632,60075495,32941802,43809500,56082093,49714733,40203594,62237102,61648561,64718624,59957696,49511355,61462060,56554312,51646658,
63447815:66210415,61648561,
63442603:
55407435:63472245,21022884,28281226,36637923,43763385,49489356,52991555,
41379981:41306623,53501529,66014390,61436796,
55214859:64439232,57066104,57066012,57061449,57059528,57057714,57057383,57057193,57057021,57051715,57050824,38027961,55172040,58516115,
23842773:4161401,17922691,14598997,61436796,61376612,17922750,17922873,
11257643:3030955,52414847,506952,52045001,53259328,612233,5174257,28842009,32941802,38238175,43828124,57296273,51804742,51046467,60086893,60088883,65835807,24998890,18770954,66194746,1002569,47914567,60075495,28200268,14714921,59482002,1632155,45099781,47028863,35020350,34993160,56082093,9966850,152758,1915235,10883930,61648561,50277137,803754,15582219,5740934,11032567,21487043,62237102,19765358,7315594,63775749,2511850,63873250,21133456,64718624,9985412,59957696,53820833,61462060,10932176,51069942,8313471,21819349,17981867,57287159,53775010,56554312,4138574,53557593,2127184,51646658,64291568,
54120045:62488569,39812475,63854472,57856341,57855925,28362745,40190120,42398951,
65838580:42264279,1768472,285059,696760,7022252,10933186,9204411,
26860423:8822166,8822327,9204411,9465314,10222938,10933036,11361711,11666200,12776937,12814415,12822844,13542210,13552777,13553120,13555239,13555544,14890407,14933632,
23111738:34993160,28842009,51046467,1002569,28200268,45099781,41205459,58015904,28281547,38922042,40194132,23514376,52529236,56439632,40203594,20755925,19765358,63775749,17041463,53820833,23092576,55164470,
8944119:612233,36284266,7135063,2443459,3204540,65163336,66380184,31385275,1898784,2869136,32709339,4246970,2832752,11550193,9307936,2582643,3204566,2012280,24409333,54380414,401000,429559,13542210,13552777,13553120,13555239,13555544,
58870062:2869136,
48466393:230351,2128091,
57640168:54955774,56998279,12684341,1068493,13771804,6823435,11798809,3568081,40466076,26396898,14395924,24201529,2633411,1211713,34360,54891116,3191598,24260,24661057,54821895,15340220,6581226,1026360,43210958,3546032,6810798,
57640165:30579513,
57640280:19426806,54955774,24201529,16819053,
57640273:2633411,2667234,
57640158:6823435,7181343,51070537,230351,34360,3811870,3191598,4093506,30279145,15340220,
56078438:30856398,24919030,32883920,64095256,12497591,64242056,44247137,38067026,12291838,40685231,43690206,15353414,27840623,11942544,42468125,22918020,27687374,20526879,11934465,11942351,14407416,22918538,13091725,64096579,15353249,64118186,21301672,6333446,10247359,42217632,
58143316:50763174,32733717,49927888,6150247,56245709,60951112,32561009,32079631,54275247,51739307,2448990,20555703,
58143335:53819344,56004011,5787510,3077127,41205459,58015904,3936178,4300418,52815616,39749231,38922056,38922042,18372339,64079620,50051463,51016785,66246079,4843251,23980730,3167956,27213163,1747692,59700931,59958251,37955477,32941696,16850955,51851581,4521534,56754135,36625192,61812450,19102889,19174305,4883547,38265179,58873997,34536204,59618729,31373410,47101952,43980254,60179359,2349353,23483640,
36636347:33342453,28610948,1179677,7004277,57903488,22016974,51284160,23946485,60105348,45639938,54161901,51372812,46625317,27315479,7004156,32469506,46217234,14537368,4433978,64837958,1052909,1889563,24372953,2084667,53833395,31789757,2637557,51611382,63885416,6210550,59898112,22327409,47779717,
51486735:2084667,7415943,56502308,50695658,6145284,24231552,40686538,
65620836:9226390,45099781,
57435104:38852023,35138956,
63309512:59522395,52543527,52553112,51472314,
65287047:22016974,36962517,1480408,51472314,
51285854:21941882,51628258,52592255,
57436028:53248531,3084510,1232778,4129024,1458929,39703084,47217502,5725654,4585667,12781687,64398587,10573159,1704980,3046631,21789424,29054642,18782855,45094592,64435452,
46832471:14141177,11453165,25124801,63231933,34847722,17731841,2585894,572669,55711256,20991387,24178830,29054642,36903248,44352680,
14067367:8313471,49489356,6489900,35365566,62776313,41931046,5015591,43163123,24163138,1673550,4305571,2855037,12680101,
21488862:8575142,51468021,30864013,36483325,66277631,44615822,53176597,52159456,4906568,23132515,44624322,2383166,63251307,4893366,54105746,62202856,53213940,36185515,63579606,45542347,61436796,401745,1050727,45037958,48814600,36940508,
37587736:63231933,21451957,23565015,64006395,15342530,50663995,37575524,4544109,59820668,25086151,36184663,
51696458:9069638,53652820,47888400,57681212,48204029,31812755,21700299,15910652,47125795,37319708,40510866,29002205,40810237,20991387,54597061,7661096,9788548,7902412,58741173,47051683,28131227,1073407,45238955,
53427688:39381933,51492152,
24917849:63804142,22441664,66313303,52553112,41391074,10612575,6705248,65669903,6705973,22422602,
14428029:17734855,826984,1423898,1198680,66208485,42525758,1403209,24372953,51247392,6705366,1411900,
41928457:28610948,1403199,42521703,
65276890:65059467,
65276884:65059467,
29999320:65917699,63317594,512306,2497484,44832219,2257434,51611382,
28730891:512306,
28730883:9966523,1241736,1304166,1637654,40607089,61484857,4587922,39207137,65961290,34736771,28611646,10674621,52227813,60256470,53306158,65619622,65222835,60873167,27890186,65996742,52223545,37623645,34972635,44397682,28625851,53197870,61573047,7315158,53197573,7338985,27720756,47045980,8865695,9999729,61006174,61006395,20993526,24890114,66003319,7014239,1306918,38351566,50719661,53305252,12059000,48465789,63054097,52491574,55724404,45636680,64195461,
50664617:1241736,1304166,1637654,7338985,1306918,
63698386:2497484,63579606,
48623012:53304816,52836036,2497478,
44813201:2257434,53213940,63579606,45542347,
44813196:44189487,54446908,53871794,65969644,39207137,4067488,12395242,65961290,34736771,53238404,57685859,13032824,42781729,58027829,47631516,50623162,63246358,48148785,63579458,53197573,65968214,66190251,546941,61005972,63263090,46890906,546906,48725474,50719528,63269967,64195461,
50020206:546941,546906,
51956704:23919938,54918182,35624952,27831935,
6969241:401745,1050727,8371824,52628887,15769950,63873758,28286955,54890808,62682126,34736771,63975760,46625116,54161901,17032908,53426624,52641930,6517525,13032824,54024736,47019215,36424407,31812755,36763969,59834795,19167263,59804890,65059467,44416586,51070537,31150551,25561532,41766062,58039507,3558777,20906898,21262862,43740515,57162757,51628258,58781411,32742043,6027296,54849568,52617486,59266079,54367108,7338985,41401430,63123729,46890906,11484485,1884943,1306911,9996178,9999729,45356512,30148337,12495828,38351566,1181499,64271975,50719661,23314546,10506910,22327409,44135130,25264893,7205680,51332632,
34636197:
42303706:
52326607:
50980271:56830866,39205012,30638632,4702895,39074365,16919302,24232963,38270730,5515839,44004064,33623200,52120125,
52511142:57716929,3667561,
57353844:38923406,52515953,5010391,11132551,35125827,
55839702:39205012,30638632,6707312,38270730,5515839,33623200,
49769646:9966523,56387170,37240599,65996742,52642218,546941,3667561,48793103,49909007,
51696391:4238778,52514966,
42303700:
42295408:21036756,43807810,49294212,42483633,34375170,6432880,6931207,57686346,1306792,40218332,8134037,46974923,1346834,45356512,36799667,53704782,46685131,26761192,5699256,34771342,50061615,
52511157:57716929,
52556660:3667561,
55576470:
55576448:41156972,838743,40326790,31453991,1307937,1122743,42698739,15444087,52730014,27172045,
57077791:838743,
55789742:47175561,
56298747:1285450,1285409,66340636,39645501,35360717,
55459589:47125795,37319708,9788548,
52474758:1286587,35604638,6019100,39699317,
56455500:1241736,36747453,40558535,43355212,48793343,51406990,45575050,36127813,49504614,
55839715:
51696310:48640408,421043,
57471139:38923406,5010391,11132551,35125827,64024099,
9904280:22016974,23946485,1304324,28048574,56502308,43465935,4433978,66201097,65059467,56366883,41163005,30532533,43467107,59837791,6145284,54849568,54966528,64589106,66218485,36982409,24231552,6444146,62841540,56111816,50091670,30148337,26657887,22327409,45636680,
52579360:
63628815:53238404,63317594,52653290,54849568,61573047,63579458,38719283,64195461,
48624334:6517525,6027296,
50853485:40607393,53306763,53195899,53195851,53306190,7014393,53195743,53304816,53306158,9959504,45542120,53221916,53221959,57761745,53196025,20906898,44855092,53195947,48148604,57534176,62841540,53304861,52735233,53304890,45542148,53198066,42302561,52195696,52735212,14607722,50719661,53305252,36127813,
52607760:32157266,25099668,
52488257:42636936,42630346,
48622948:44189487,949093,56387170,7014393,43465935,63227656,55690649,1306931,41809727,52653290,54330604,59991446,52223477,42604741,60501010,546941,1306911,56391161,48793103,48725474,7470169,12059000,55724404,
50718058:30148337,26657887,
48623056:2637557,11443906,61573047,
53294778:
34774631:
40848520:9966523,1241736,1304166,4067488,34736771,52227813,7014393,7014361,52664145,63227656,55690649,47226145,9959504,65222835,27890186,52223545,40188397,42781729,34972635,52223477,42604741,7338985,546941,59085937,6444146,34157260,34157364,546906,24890114,7014239,52480870,38351566,42302561,7014420,48725474,14607722,2497478,36127813,7470169,47249262,12059000,55639023,
40731188:48814600,1241736,40851877,949093,12395242,1306931,27890186,47631516,48148604,7315158,48148785,12395221,6444146,27720756,546906,61006395,24890114,38351566,7470169,12059000,55639023,
65231738:65231684,65231686,65231690,9966523,61484857,40851877,4067488,12395242,56957291,40607393,53306763,53195899,53195851,56387170,10674621,52227813,53238404,57685859,53306190,60256470,53304816,53306158,53198000,14537368,6777740,9959504,53221916,56366830,65222835,60873167,57761745,52223545,37623645,41809727,42781729,56366883,53196025,25625106,44855092,30532533,54330604,53195947,47631516,2637557,11443906,59837791,52223477,53197870,48148604,54966528,63246358,48148785,63579458,53197573,12395221,66218485,57534176,11484485,36982409,11625856,1306911,6444146,34157260,52735233,56391161,34157364,8865695,53304890,9944329,66003319,7014239,52480870,1306918,53198066,7014420,48725474,52195696,52735212,14607722,51069942,53305252,47249262,63271511,52103760,26657887,55639023,52491574,55724404,
49889902:33422542,1307253,46935825,294131,1232778,276599,1287350,1241922,57412938,16989288,48793103,46624177,
43997546:52514966,58219464,
51579502:44653895,55014472,38093605,48338041,46417437,56103145,
51222276:23604725,63975760,61482144,25728052,60670323,11386332,16590494,
56061972:46624177,42242452,
59488641:4238778,53199120,26204890,
56318214:43997537,
49948677:63231933,56502308,53895148,36326294,1307253,54120894,28344616,1241763,30248242,44527902,58191352,7470169,47568155,
55986285:1330323,1330314,15444087,48640408,46974923,66340636,21994219,
55798019:31812149,47175561,6277511,49188253,51406990,38645426,58191352,
51571078:50493670,11846110,36887670,8140725,65730347,64670297,1241841,276599,8246369,64523928,49188253,64349637,4007103,54849568,40537510,8140766,52764561,41048039,64520693,65659185,10572956,38552620,38645426,21994219,64461095,65647475,44423488,35360717,
52404378:45247803,1304324,40716712,48973006,21941882,20596126,1241763,52642218,54750135,58215731,48228055,47568155,63892752,
52404372:28048574,
52143102:
9821124:14812948,22016974,8993240,66014390,1052909,59302882,41205459,58015904,10140267,38922042,66194326,28625798,28668713,33082008,61436796,27383493,65669903,4521534,2163221,59898112,
24944053:3207597,26221449,
44676795:3207597,
42979832:42980757,18584525,
50243262:
32514284:41851067,8703036,45359874,
48605425:31676301,
51956760:
9821546:3930749,34135202,17441556,44785705,4212283,1190967,35566917,33585770,28643681,22047716,22234145,9553497,6709743,4419023,31032346,35979606,4495774,33607934,27155831,39250128,1823707,21018865,10906185,29783359,8565941,3524792,24240562,33562210,39051255,8703036,18070819,399065,15686631,24331485,5077227,18736782,17333665,33608075,4799090,22130879,21003419,29729558,3240999,31546693,32646834,65331741,37769696,24243772,35061122,20991877,29097591,35061088,18086930,35049463,
32149312:1823707,22047716,12867674,33607934,27155831,39250128,1730021,34942121,32115435,8565941,33562210,33609005,33608075,33608689,54141451,55058852,975634,44854947,
25645793:10906185,39034397,18095311,21888392,5541630,9930552,25705402,19712850,5808469,22422602,
29246130:21381874,24234553,28540506,29072080,
25646051:25790018,8694055,65364313,30319293,2920650,1858826,26745888,15267633,5297518,1923487,3099413,1826043,
8898220:5521646,18584673,55354414,52586800,4382840,37112369,26583047,57899034,1323180,27774240,2389393,45685304,41605844,8836183,380483,14743109,37874246,32342865,44262286,6847444,230351,41594099,2483326,26574782,26574807,51841235,40295881,4319699,2927534,40304623,14077476,19398567,26574781,26574797,1693032,3899983,22320778,14032251,5925001,14270673,899186,26973896,20784662,10263632,
48214268:
48214264:
48214255:22494741,352699,
64255686:28617964,
54709586:
26890523:230351,51662908,58021255,4382840,35525342,3674678,4319699,44549432,
22577340:30762679,9553497,5409831,24339867,2854123,10906185,8836183,7376947,5574205,4394537,22130879,
33432024:24339867,42689605,
18787654:42689605,10850215,
22981124:24511970,22238567,
4495776:4495774,29783359,32433115,13552194,3475868,39051255,18070819,399065,15686631,52652827,24331485,17333665,4799090,29729558,4751998,29097591,35049463,
4237550:675652,51204256,48207898,43086446,39034397,30540287,30557142,3320211,32398693,3320843,32148381,27493687,43477937,30571260,14007870,43075314,47475726,52431267,1219623,12775061,59415481,43164722,32188034,43084449,30551328,30545430,14009619,43124251,43086319,43064868,49523640,39373653,31236534,43212020,43261549,30539373,13859086,32183693,43880718,39250128,30557088,55837868,43215141,39964510,7585804,47687184,43271864,43095651,43420500,40073024,11499043,31491854,43544528,30547055,54013606,47584484,30540389,43076183,30550850,3686329,43350026,59947045,32183571,2844970,47454033,60005908,65542266,43179368,33246346,61294770,51605926,8592058,43234581,21214115,43212805,47503023,2379059,43295582,47540924,43159032,30545276,3215947,6077981,43148537,30538986,43350121,26126145,30539535,31866359,43164926,18841639,47506774,37871481,37871317,47640187,41951955,47361951,14840996,60130973,43108276,30539189,48394509,43914996,30557017,30558006,43220201,43870507,43219873,45358815,43058675,43962262,43215848,14480503,15135700,30558488,47453367,43204800,49871751,43181096,43198707,15135895,43124491,66367863,43101720,40797486,43108534,43102218,43221250,31383773,
32543257:13945186,574813,47112086,26626603,338741,46321224,64910447,60472584,
60280948:42367337,31693866,3478537,34176513,18544488,51935707,53683481,19286257,
32540528:5212740,37160111,36177223,4528954,2049408,39088565,
9639915:65994047,42314552,53908011,65172749,2684847,46973028,65396532,27974263,48909821,34467537,48718789,34942121,48719000,32226790,5691828,63644307,48718753,11846485,49079851,49168913,16550108,23292464,49311594,48624645,9916894,48721506,33091867,55059641,48754233,33372415,
14922773:7112588,10902248,4671747,7596048,
32540575:48718789,48719000,49311594,48909821,50846756,3256255,3888019,44507265,12867674,51181978,3203161,40492581,3730763,40492612,11846485,36177223,61927037,27582875,3327755,1357536,41334777,30957393,24158748,40504728,59516042,60130973,55210451,4129494,48721506,61952806,50248860,4029663,65302188,48717754,13073487,675662,2693450,48754233,39656690,48414131,4475785,4478870,1062113,41337245,20513812,20513364,40713615,31119362,47056732,1318514,1826043,22790747,48892977,30888243,
23906819:15912498,32422765,1859765,15437873,
41445629:41446083,19367721,1318514,
17111876:1155990,61927037,15691735,4475785,4509705,15235060,
41337293:41337587,41334777,41337245,
41439065:19059823,41439013,15786417,
23759476:44657477,33262776,62251530,10203265,62230349,61979663,8166212,8654563,7955581,44657516,1418751,44657690,4891613,4889752,52899575,4342850,4892303,61916816,61979025,4892466,2936062,44657585,
31579760:48248666,31774293,48305825,48306114,48274043,39728907,39472337,15611080,39472333,48276801,31572363,48306499,28700051,36612361,48269665,48249429,15629414,
39771433:1927501,39472337,17811510,834220,2422502,42330733,
31579773:40817179,4399955,29962849,41343060,
52158747:51885489,53382594,52158674,
8012453:39972343,3036043,65994047,42314552,48909821,39972884,65292166,48718789,48719000,5691828,40338536,3203637,40492688,39982359,39981353,48780637,39973095,19652020,48718753,40492581,55921424,3730763,40492612,11846485,13589468,13949064,40492634,49311594,55768050,3327755,39972162,24158748,8731479,48721506,3764158,39972958,675662,35240384,51280867,54514296,48754233,39656690,39662537,49576439,40339426,21998953,40339222,39982286,8865755,39981449,39972756,40339339,40492642,1618731,51280869,53673911,42156239,
7998561:1357536,4673224,11299985,1801642,39656690,8865755,2936062,8886491,
39554432:39397984,23701106,4842389,19883886,25223653,48009154,47056653,7483999,8294464,34176513,21323706,50637434,9036221,
64161234:60130973,43962262,
8062508:41474382,53943050,43472686,43472763,53134520,43471835,53134521,6763373,3689144,3525051,15135974,34228657,3524956,2503615,11846325,39467829,43472558,61952806,50248860,48717754,52137183,53134517,53134519,35972994,43471874,51280869,9772387,17702430,43472616,
52409561:2693450,51259514,313169,34417534,313161,60132093,2100735,313177,313135,5295790,313142,769343,7425424,47530037,7424829,1291629,4856818,239192,
37871162:653823,23830829,32188034,3095628,7585804,15135974,30550850,32183571,7583572,49871751,
4374051:3362578,2632086,28355793,51204256,22682284,28236833,27410601,29400035,22234145,3392757,48572547,27386122,24814384,29493597,27870692,23196002,29493489,10963596,3524820,8565941,6334397,2699497,33562210,5077227,24740617,27441371,33609005,26489097,31464519,24310266,31546693,4842997,31563607,27507492,26489042,29009247,2246898,1923487,17541507,3524795,25840756,23002680,61655468,47727458,24163140,2600609,3099413,3524831,3447995,27358805,
32381365:53928085,32732417,27460443,
38092870:28161533,50413446,22334813,44185985,22784939,59401812,59527777,52425426,24310266,61979516,61089570,16231744,27358805,30661317,
25351192:2851793,25734022,16052010,27871570,27891038,3524844,13461341,55762336,24607215,27871241,27891139,9496636,26553597,24911712,26583069,26557438,26565452,26583533,26531456,27879853,26531226,31796544,26739077,31796339,27244925,27819248,27871398,
39840316:44854724,23902215,7215829,23955805,
38094115:50413446,59170026,3524839,33609005,33608689,
53586899:61655468,
17665850:3256255,17541507,
38093685:53928085,61963560,3392757,50413446,22334813,1923487,2253608,61089570,16231744,1826043,
38092972:44854724,53928085,61963560,2920650,1858826,35190502,22334813,30409181,38154894,2387904,15701613,24740617,25244828,26489042,7215829,2253608,2435645,1618731,1826043,
62148389:1475421,2838390,23778299,
23958424:44854724,6225747,53928085,63785117,61963560,28236833,3392757,50413446,1858826,30586268,22334813,23902215,22784939,59401812,48863395,24740617,59527777,27460443,24310266,49399576,3524795,2253608,24163140,61089570,16231744,
28215910:28355793,30180898,28236833,27410601,29493597,29493489,24740617,27441371,27358805,
38094058:40720969,
52047540:52360069,52360475,52643227,52762691,52047512,52314182,52763443,52763421,52762957,52762595,33242300,52675093,47943342,52675072,52676292,52676310,52675346,52101525,52684450,52409492,52408323,52407886,52081104,52409426,13859483,52081407,32183693,52188398,52188552,52188433,52083034,52188592,52188582,52562147,52177781,52177764,52178497,52187205,52178505,52177959,52056022,52177991,52451658,52431147,52782326,52431468,52371564,52371291,52451657,43131866,52431341,52370875,52431367,42504073,52451693,52430889,52575400,52440431,52312960,52440384,21214161,48728510,52156180,52583985,52514288,43159032,52378017,52378012,52452629,52593219,52562154,52028952,52441027,52440956,31866393,52690093,52690103,52440738,52442896,52659390,32319372,52701895,52702061,52699816,52702111,43365509,52702377,52900843,52898184,52678046,52652906,52652892,5119995,43066167,52514453,51816078,52030757,52514309,52708898,52708944,52514487,52514566,52709220,52708883,52539748,52417130,52493418,52490675,52490649,52563309,43095807,52573352,52167605,52167591,52167769,52491298,52564140,52564163,52564193,51883393,52514164,52490977,52491019,52593322,52493366,
35049436:34135202,35566917,33585770,35061122,35061088,35049463,
37756176:4212283,37756295,37756339,4419023,31032346,1148168,1507358,37756750,10906185,
39100333:1190967,40323719,38626519,41809727,32147846,39160225,35034064,24402816,38739742,41350744,
23907540:29897119,30196155,28149428,24436737,24493126,2978260,24424924,4797637,26609312,6146816,26659905,27565660,24241423,25585021,3492099,27582082,28003563,23998106,20249443,28003447,24277234,24003759,23994665,24154957,24003866,22167347,27558785,29415793,24154867,29568389,35486049,3622054,24243772,24202218,27969026,23907834,27671687,27452587,28061079,28173691,25565261,27485676,26609150,28171361,23903060,18574443,31033058,
24917676:47653712,11119268,65659506,47805447,47802234,35308342,36233169,56493569,
61588973:34880879,4962570,47686026,
38554526:52159456,38530800,38531016,39898079,59521253,49060371,58681714,50482986,52417994,48167709,52353295,48337916,48167515,11407634,59273437,53042111,48167653,53075883,57438072,56510508,48315947,48810498,41247969,20259211,59462101,3369198,44653895,30738506,58621771,56565007,63019053,62661565,9245480,48359167,9992634,48167579,48167674,52514317,61895416,53042047,11250889,58555089,55752968,48810524,20130353,65835711,56529356,48810488,49363902,59608060,58934545,55014472,62312484,38093605,48337980,48167550,53884374,58641166,60034515,37809308,48995779,50207589,59608066,48167694,48233239,53024817,52348738,53399141,48167678,48338041,46417437,53378425,48167724,56103145,59521247,52333716,60058474,
51222281:44856629,59138378,44534591,
57625021:57625050,53475095,41069269,53497526,66391416,50149154,38604818,34893195,2428571,44172066,32199299,44206792,46395589,27417094,50149397,62972426,64685219,26862256,46475368,57856341,48413019,66339066,32611423,57666251,39453614,40584952,57855925,52676339,13321865,52683115,46816278,62963630,43666054,65806239,64572180,44317307,50244223,8443980,49118201,57909480,57931200,39699805,61639919,22518649,50493350,42204722,38742486,49247329,45280753,54655485,38372552,53372256,43850706,63775749,44295696,44234411,64785165,14484109,50668236,34893155,50149289,53372049,42007019,53372213,50149223,13325323,9426210,31362383,42591181,21749401,44268305,29572467,63195116,32247253,43602660,49899080,36946362,63989562,57895718,
