38327692:68143,64238438,64234170,64237506,64234094,64302595,64200284,20079654,64200181,55715727,
38402069:8557646,7736571,8544690,7238141,7835330,
27032988:7736571,56095391,46478208,25390064,59213089,50141895,56095759,21422667,24759411,25965986,
27100257:599650,32026926,32026982,4860010,32026907,
47484996:599650,53315741,41585883,50129158,36315568,25390677,8956181,53745609,53755025,31761370,20259392,31761374,53694488,48910678,48650373,64200284,36059717,64200181,53389225,
56087535:8956181,53745609,53694488,
41137984:25056529,12225340,51379347,50747085,
54491251:54706746,36315568,20259392,41610981,54382623,42342441,29834052,
34637533:22047283,51267472,21027295,
49247702:41610981,53369427,51024154,
53713320:32028641,53713309,53713450,32028683,
32040313:32028429,32028562,32028515,32027194,53693549,55998226,34598463,32028417,32027835,49056916,32028435,32028441,32027185,32028571,55829436,32028554,55843409,32028457,32027202,32028538,24759553,32028532,32028549,32028378,55891622,53713501,32027815,53693592,
27032997:33038205,26048239,41117502,59652787,31761339,8544690,14761362,33038200,33984096,33038197,33038203,33038201,
36689706:33041220,33041081,33041255,33041205,33041112,28245782,12791167,33041241,33038307,33101629,33041190,33041276,33041097,33041129,
34479314:730058,26048176,
34637398:47290333,1707358,11860216,47295021,73631,
49864245:46906831,
34355473:26048168,26048170,26048191,34735879,26048173,
38398204:7238141,43244464,26954030,38642507,33038139,59704388,38642593,38642602,38638239,38642551,10284296,20079654,38638262,31985959,38642532,35622320,38642612,33038134,38642628,31986013,
38401771:2371949,6959258,38643021,53065441,25865076,9912350,5799147,19968885,38372629,14554705,5804960,31986393,
27031836:6959258,38362129,33032627,38373045,27380721,31761403,3041384,38372851,38372551,26954030,38420242,27032032,38372681,9912350,38372629,27380658,27380568,27033160,38373425,20111624,38373565,
48013853:5804960,31761410,
41126129:37937689,
47475911:2371949,58209529,7408468,41047885,
51326221:55774204,34634926,43849292,29910695,56046574,39107573,12945885,50956361,
52872136:
52872131:31120041,31111317,
51334971:41241136,50711128,24523023,3167080,27850469,29662803,6942786,31072730,23931014,
47484891:6207984,
41125760:25002042,52303279,53729786,1082861,56650501,60452934,61767362,21480846,49029650,63978177,353893,4600047,13499393,63538729,33063335,12394250,56489229,40991412,27616669,33415981,1993770,44262165,28996318,32153269,33940994,5747431,39208452,9429442,
38398199:2279454,37851286,3093788,62496372,44750637,25557759,
49272522:39107573,51029967,
38397863:33038139,31985959,33038134,31986013,
38406167:38373045,27380721,38840403,38372851,38643075,38839501,38716319,38717860,50170083,38839571,38372681,38716089,38839431,38718100,38716386,38840984,51356711,38717990,38841444,38840458,38839742,38716653,40459787,38839527,38841187,40452614,38643645,38841517,27380658,38643485,20972451,38839465,38715645,38841068,38839866,50258835,38840944,27380568,38841230,38840366,38717726,38716511,38839799,12112511,27033160,38373425,33912483,40830063,20111624,
27033005:7835330,59703690,43181386,
34479068:1404939,
8558859:1404939,4074909,6055006,7800951,50741408,249917,156062,8066165,11133477,7408959,64200284,64200181,11150926,31761350,7421268,34652292,56869973,34651266,47548938,8558832,
41145339:63826171,63821686,63791298,63791723,64190999,7833037,11133477,7191761,6516439,47549726,7105169,
48940744:64190999,7833037,63754982,8558933,
47548966:47548938,
34637549:63826171,63791861,63821686,63791298,63791723,7105169,
48789098:11133477,
34355500:33041465,33041461,33041454,33041452,
38458369:2382967,52544358,50581082,8557646,38573287,25390064,54722468,8216210,36185545,52517786,48807689,48890989,38361233,64284593,38527720,
61912025:60820860,
38401189:57617446,43862047,36185545,25729616,46603272,50809900,51618003,
55365595:36315568,25729616,
56860247:39335205,
38330096:6302786,27850469,50956361,23931014,
42682167:48992560,
45425405:
38397912:48807689,
50088079:31120041,31111317,48650373,48607134,37929504,48613469,48118745,
45425394:56095391,47460366,57847630,25390677,53755025,34634926,56095759,51016583,14745104,64474425,47218452,35622320,64254564,33255941,47460294,47451813,57523761,48596921,57519186,48606092,
50779897:50779981,50779876,
47548960:47555900,
38401175:43244464,55337867,53315741,55337657,55337900,55338334,2336031,55337819,55337713,41117502,55337677,55337536,24759411,55337752,14182491,55337791,55337618,
53507564:8283182,44067674,
55337458:8283182,
56470942:53831460,63791723,5461980,25428994,51111114,42554303,31187365,6819034,33290841,42800454,56467603,
55337451:43244464,54880210,60907637,55337867,53315741,55337657,55337900,55338334,55337819,55337713,39486601,55337677,55337536,39486507,56162030,24759411,55337752,55337791,55337618,
56471080:42205996,36807694,
53425939:24523023,44067674,
47899924:41585883,46478208,41241136,50711128,56162030,48910678,24673229,6942786,36059717,52816055,13448244,31072730,
38401348:22312238,3167080,11959048,27850469,50956361,23931014,
38398033:62250486,4744837,35159895,8956181,9322567,12006458,28945070,
57290135:56869973,34651266,
53149889:56541764,24388866,30952655,52184749,
38346041:14767600,40423503,60136988,30866673,49974449,30307140,24388866,56082514,62272003,60156239,40761266,47758099,20470928,16168143,1613245,25447923,63065523,18248595,31901880,30952655,46453567,43180860,5589759,9308623,54000550,41610045,48591351,30440315,53631910,20568124,48459766,30456652,60044893,50314929,35992625,50804157,24318707,45352812,48571293,29702692,49323203,
49824880:49667901,
38328047:
49931496:28319961,22274865,28268897,40606644,28996318,
57186234:28319961,40606644,
55720287:73631,
53427794:
38328704:23564528,5374161,
38324658:2926428,19385870,
38399368:19132223,43681589,22978702,41873259,
38328037:20259392,
38327932:27032032,54367134,7190539,54566888,29562652,28350503,25729616,43849292,54713659,54720977,54720923,54615510,10285827,22978702,54863217,39910196,39958605,40492311,40451796,40461783,40492376,40492398,40492554,40492476,40492458,54733014,27361115,54714594,
49197023:54709943,54706746,54698403,54706898,54367134,54710012,54382623,13398810,13398952,42342441,54713659,54720977,54720923,54615510,54863217,29834052,54711934,54733014,27361115,54714594,
38327972:7190539,38527720,10284296,10285827,
38328174:18168427,44397053,50466770,
38401183:25390064,38573287,
52502275:19051551,51169253,
56897304:19051551,51169253,
55534649:19051551,23475401,1993770,
1915017:23475401,6740182,19051551,22363411,2000396,1129763,54419606,2000291,2000368,832567,1895917,3779222,19544738,1824828,1817874,3566097,60182937,41486268,26905306,6451180,1120167,4680954,1993851,29288656,4224262,15911714,1668105,1999935,2000159,2000235,1999749,30246791,1663775,3836974,1993770,24782381,32536643,6740955,6740696,44496287,1663878,9429442,
51718842:1129763,19051551,6855420,34054177,1120167,10437362,
33269410:1129763,49417800,16925624,36206925,49509311,1458953,52663668,32536643,49417879,26929288,29668264,51203779,8608916,50124656,31374970,44762450,46748800,
25170779:5606012,6265255,3697468,
38401482:
53497541:38420242,59213089,59652787,59704388,59703690,6207984,9634380,57852221,51343723,50775202,51250752,
13278961:26954030,38642507,38642593,730058,38642602,38638239,26048161,38642551,20079654,38638262,38642532,38642612,38642628,
38374336:52544358,38372551,38373515,38373644,38373596,38373565,
40816806:38643021,38643075,38373515,40816733,38839431,38840984,38841444,38840458,38839742,38839527,38841187,38839465,38841068,38839866,38840944,38841230,38840366,38839799,
44859386:623130,678583,
51326231:51693581,41047885,43181386,
65826812:40460810,61041090,61040647,
38361146:38361233,11589494,38362129,47988,38361305,6290197,57132215,33032627,57132077,
21619638:47988,35835353,47111802,2723715,38480728,4116976,3946979,40503010,
14140549:47988,35835353,2723715,8154492,38480728,32568917,40103143,57180751,3946979,55139946,43465231,43690405,2723774,55140131,40503010,28645908,29470091,50337482,55139978,43698702,32551113,2723831,43692311,43699624,43666121,
36021310:6869616,48243290,55588704,48218058,2224362,48245158,48243517,42350915,58263592,55596597,48246445,46446543,25890170,11308131,48243225,11990307,42337371,14565861,48207549,48184871,22408543,48246307,22408637,48212068,48183759,1789246,2192537,
36021204:26735882,8258710,57366585,26731762,
39865559:2723715,8154492,29274375,2723533,29304872,2723650,16720099,43671972,57180751,55139946,43465231,43690405,2723774,55140131,28645908,29470091,32508621,55139978,43698702,32551113,2723831,43692311,43699624,43666121,29345448,
55632930:
38401732:52517786,
38406085:
38439634:5793180,33041465,32028429,32028562,38372551,26954030,38373515,38642507,40460810,33038139,26048168,26048170,26048191,33038205,53065441,32028515,38717860,33041461,50170083,25865076,9912350,33041454,51693581,38718100,32027194,53693549,55998226,34598463,32028417,38642593,32027835,49056916,34735879,5799147,19968885,8544690,14761362,40459787,33038200,38373644,38642602,32028435,32028441,32027185,33041452,38638239,33038197,32028571,61041090,26048161,32026926,32026982,38373596,38642551,20972451,55829436,26048173,26048176,32028554,33038203,55843409,50258835,32028457,32027202,20079654,49216910,29910695,41047885,38638262,38642532,32028538,24759553,32028532,12112511,32028549,33912483,40830063,32028378,38642612,5804960,33038134,33038201,53713501,32027815,38373565,38642628,53693592,43181386,7835330,
38439642:44624030,21534058,39155721,31725644,60820860,
38398308:2382967,22047283,6306961,22065079,12394250,15121149,22064456,2078607,22047166,22065113,5747431,
8095213:7483235,7850448,6225097,10636939,6068807,6056282,7496211,10636880,7850330,7913039,6055006,10636967,10637032,2659046,9268399,10637255,6069366,7836200,396303,6222532,6225345,7850080,6055933,6193395,7836477,10636709,7834863,6055706,249917,7836874,10636896,10636769,7850900,8140716,6056614,7837421,7834889,7850399,7837570,632708,8140820,10636722,6068468,7850991,10637267,7836300,6224841,10636683,6247444,7466994,10637205,7484155,10636808,6057061,10636648,8140769,10636674,7835539,10636986,10636694,7913330,10636908,7837834,6069057,10636751,10637062,
38439649:8216210,37996807,2213720,66150441,37996520,7723510,11798809,22809389,1994471,11356951,39849382,19366341,3117243,6175059,1363550,11563210,19353026,7723413,39864624,12676526,27341555,
48789133:11133477,7408959,
38398667:22558156,22548469,14761362,2371949,5804960,7421268,
48789124:
48789102:
50624508:50936021,50936041,50604727,2078607,47549726,22047166,50747085,32153269,5747431,
38439673:64284593,64200284,7407066,64200181,64238438,64234170,64237506,64234094,64302595,50581082,51642059,
38439677:50581082,31761403,31761381,31761384,31761429,31761418,31761319,31761328,31761370,31761374,31761442,31761339,31761389,31761397,31761446,31761407,31761438,31761344,31761424,31761365,31761376,31761478,31761399,38328939,31761410,31761433,31761421,31761458,31761360,31761405,31761350,
42173720:61112938,59462936,50936021,64190999,50936041,55304301,64284593,7191761,50604727,62233956,42289453,62496372,55304399,65079933,50747085,55304475,60533517,32153713,32153269,33940994,61112987,
50624325:7191761,
50623760:2078607,32153269,5747431,
50624326:64284593,7191761,15121149,5747431,
65079951:
65251171:47549726,
65079946:2078607,47549726,65079933,59376661,
65079940:59462936,61767362,50936021,24170011,50604727,12394250,2078607,47549726,65079933,50747085,5747431,
38399319:32106870,64204542,64191744,64192251,41183501,31720330,48615964,62944574,
38439657:8544488,48567377,19307113,3041384,2163619,2329784,6055006,47950636,10637255,6069366,28414439,6225345,7800951,50741408,249917,1329097,28414032,51356711,10637267,33063335,52443619,46972695,29910695,8030226,23261816,21707220,8558832,
63445335:
63445377:
63445357:32106870,
63445360:41183501,
63445332:
63445321:22818300,
63445353:31720330,58516116,48615964,
63445368:62944574,
63445326:
56859215:35888604,
32793410:3041384,48596921,57519186,
55432271:48567377,
37737372:1328236,1348780,25688219,31180547,3743338,1374123,11495190,38203437,4149803,42047833,4971555,1513648,42414945,3240514,1339623,30127126,7737649,30787296,1380613,1362926,5054470,3737245,9947954,1573893,1359894,5598995,30861580,20901241,4146237,1389545,1347669,41712886,1375455,
3199176:1339607,6890764,1329097,1354747,1354753,1354778,1354792,1336744,1354800,1354806,1354809,
37737436:17956052,11495190,1343025,9669035,1332036,21029583,3537794,50666497,5127727,5308673,1344262,3381680,2500737,17476210,
38327684:29919,39202,
41927528:41450867,41308000,65342971,
38439666:31102141,32146058,32144222,32107195,32155290,1898108,
41932268:1095723,
32152459:32152426,32146058,32152842,32144222,32107195,32155290,
32152467:32151514,32151252,
38439669:410046,60174936,410048,37117086,
18506157:410046,53208204,53122987,31788314,
25141823:22265262,24071596,23986672,23984265,23984295,32895189,57524902,23964067,23984232,33315910,32908171,23687893,12394926,24559978,24015356,24061935,54049092,61904219,32894570,23378566,32888413,24160746,52065011,57763956,40240541,32910179,23325974,22288198,24154406,42853942,32886837,25875112,24086194,25069494,42899639,24024513,32895958,24138807,18600501,23975457,57524741,61189919,24113643,24010102,24184239,22288167,50718242,24105989,24054477,32897832,50542969,36953981,24060276,32898953,32861767,24029329,42850671,23984347,12394955,32899482,24113376,53999414,23984322,33556123,24004355,32907706,23937151,24154300,24160613,24130628,32908418,42850886,32862214,24113255,27601400,24138518,23991830,32887832,24067230,12394960,32898173,24917291,32908473,32895712,24042421,24009415,24154337,31272128,22288101,42834370,57524958,24060186,18506707,24195228,24525496,24060158,24042166,24138712,32887917,54010214,24971790,48188147,42854200,42850848,42854015,24015686,32895728,24907273,24117349,24094816,24102389,12394962,60917076,61200594,32894944,24049021,53947500,24068270,42834196,32894988,18056923,24029822,12394946,32861986,32907263,32894995,18506500,33558565,24921664,32861797,24113403,24042142,42899715,23937079,44478083,12394964,53967095,32886653,22265292,24495857,42425195,32898686,12394969,32899344,61197889,24004259,32887483,24071767,24113230,24113616,24525360,25074205,25855203,24929439,24007117,24015328,33558970,24074773,32907708,24009389,32898881,61190147,12395008,32908542,24113572,61190216,32889496,32862560,55304301,32895265,23963984,32908383,24067218,24923087,32888598,42850867,43156761,32861907,60846317,32895025,25069421,32887361,24907048,24126219,48187894,23971278,53967036,53967074,32895204,25875074,42850764,31899242,12395015,32908452,33115311,24170103,31014255,23984746,24117447,53974731,24049179,32897495,24005574,24929230,32907147,42850961,24064793,61190053,24153846,24094915,32895775,42854227,24068379,25047924,24015466,32861365,32895134,42854080,32893771,63835595,62818422,24916986,42936975,24906931,32895880,24010132,61189976,32895407,24993733,32897261,62156192,53983194,48187965,32907308,23964013,32895975,35192515,32889468,32894975,42850723,61200516,23980251,57524806,12395023,23997271,62156236,32908556,49427239,23984695,42798953,43962060,32886459,38584723,53966862,31806068,23968423,61189953,32862507,32899561,32899323,7107589,39724018,24130560,24138768,23988181,24015559,24010242,32862036,22288157,23986701,24010114,31848047,37037442,24067253,25030149,1126941,42850812,32908399,33557879,42854312,57525309,42800933,24049607,24917281,32898145,24068296,23964028,12395030,24164525,32887810,23987984,24015533,31865751,24038143,23729343,24159091,25875135,32899617,42854349,32886614,61200659,62233956,33558910,60852591,42854275,23795427,24037473,42854389,53966775,32893646,32887321,32886857,24005555,23991858,32895864,23968385,24029320,36223040,61200726,23971212,42854417,33113993,24010256,32898026,23980164,20765121,32893950,32895786,31875840,24071488,15121149,471623,23737718,18255718,59387251,32861950,24154210,32862263,32861930,27290579,32908161,7045255,24125833,24029848,24004701,22064456,32894510,23991848,52992681,26708288,24113335,48187862,44738213,24901047,32893986,24061823,57852985,24015413,61190244,50372079,59605944,32899677,32899681,24054343,32898124,24906910,32862171,37243149,32893964,61200415,61200781,24102817,40851306,24015648,53999551,24164477,25061445,34190958,24029298,24054213,42834047,33558781,53969156,23737600,32895306,12395036,48187519,24004719,32908863,24907399,24159232,42834251,32861309,23624213,24496026,24912581,24064707,24004396,24113585,12835452,24037373,32861391,24005028,24912517,24154271,25317280,24049212,32898086,13634584,32887895,33558669,24170242,24024839,25048017,24102531,32894178,32895610,32899821,32861867,24054200,61190180,24071565,24038771,24159119,32894907,33115199,24170041,24154242,23964077,61193494,24038610,24025566,24560079,24194204,32899016,22610348,18488724,32907195,24139059,24194160,61190075,24169980,24160735,24054463,24071785,61200567,24054327,24029240,58709208,24064696,12397635,36167445,42853962,24915525,24054452,53966958,24160599,32895905,32899603,24102321,46916522,42834136,25067329,42834010,32887377,31764453,25376527,24102298,24922031,24138331,23997290,24113161,53966902,18255800,32862232,24117374,23904162,32908811,32908147,48873561,32898514,32886424,57525117,50614550,50854264,32861689,50143544,50718231,57525420,57524656,42899543,24912541,24074768,23936814,23952599,33558878,23091085,24126287,23986780,
48959543:2263800,30876250,5748243,24138768,1126941,471623,22064456,
49779461:30876250,60174936,48451786,24098768,43962284,31806874,48430021,48428408,
53122918:471623,19357593,
48718736:1096055,18308461,22275393,7092413,38571853,37898931,34134664,38194462,11184686,
25039120:25039088,22265262,24071596,23986672,23984265,23984295,32895189,23964067,23984232,32908171,23687893,12394926,24559978,24015356,24061935,54049092,32894570,23378566,24160746,52065011,32910179,22288198,24154406,42853942,32886837,25875112,25069494,23957449,42899639,24024513,32895958,24138807,18600501,23975457,61189919,24010102,24184239,22288167,24105989,24054477,32897832,36953981,24060276,32898953,32861767,24029329,42850671,12394955,32899482,24113376,23984322,32291739,33556123,24004355,32907706,23937151,24154300,24160613,24130628,32908418,42850886,32862214,24113255,24138518,32887832,24067230,32898173,24917291,32908473,32895712,24042421,24009415,24154337,42834370,57524958,24060186,24195228,24525496,24060158,24042166,24138712,32887917,48188147,42854200,42850848,42854015,24015686,32895728,24907273,24117349,24094816,24102389,12394962,61200594,32894944,53947500,24068270,42834196,32894988,18056923,24029822,12394946,32861986,32907263,32894995,18506500,33558565,32861797,24113403,24042142,42899715,23937079,44478083,12394964,53967095,32886653,22265292,24495857,32898686,12394969,32899344,61197889,24004259,32887483,24071767,24113230,24113616,24525360,25074205,25855203,24007117,24015328,33558970,24074773,32907708,24009389,32898881,61190147,12395008,32908542,24113572,61190216,32889496,32862560,32895265,23963984,32908383,24067218,24923087,32888598,42850867,32861907,32895025,25069421,32887361,24907048,24126219,23971278,32895204,25875074,42850764,12395015,32908452,33115311,24170103,31014255,23984746,24117447,53974731,24049179,32897495,24005574,32907147,42850961,24064793,61190053,24153846,24094915,32895775,42854227,24068379,24015466,32861365,32895134,42854080,32893771,63835595,62818422,24916986,24906931,32895880,24010132,61189976,32895407,24993733,32897261,32907308,23964013,32895975,24138851,32889468,32894975,42850723,61200516,32895570,12395023,23997271,32908556,23984695,43962060,5748243,32886459,31806068,23968423,61189953,32862507,32899561,32899323,7107589,39724018,24130560,23988181,24015559,24010242,32862036,22288157,24010114,24067253,25030149,42850812,32908399,33557879,42854312,57525309,42800933,24049607,24917281,32898145,24068296,23964028,12395030,24164525,24004336,32887810,23987984,24015533,31865751,24038143,24159091,25875135,32899617,42854349,32886614,61200659,60852591,42854275,23795427,24037473,42854389,32893646,32887321,32886857,24005555,23991858,32895864,22265270,23968385,24029320,36223040,61200726,23971212,42854417,33113993,24010256,32898026,23980164,32893950,32895786,24071488,18255718,32861950,24060213,24154210,32862263,32861930,32908161,24029848,24004701,32894510,23991848,24113335,44738213,32893986,24061823,24015413,61190244,59605944,32899677,32899681,24054343,32898124,24906910,32862171,37243149,32893964,61200415,61200781,24102817,24015648,24164477,24029298,24054213,42834047,33558781,32895306,12395036,24004719,32908863,24907399,24159232,42834251,32861309,23624213,24496026,24560326,24912581,24064707,24004396,24113585,24037373,32861391,24005028,24912517,24154271,25317280,24049212,32898086,13634584,32887895,33558669,24170242,24024839,24102531,32895610,32899821,32861867,24054200,61190180,24071565,24038771,24159119,32894907,33115199,24170041,24154242,23964077,24907318,61193494,24038610,24025566,24560079,24194204,32899016,32907195,24495988,24139059,24194160,61190075,24169980,24160735,24054463,24071785,61200567,24054327,24029240,24064696,36167445,42853962,24915525,24054452,24160599,32895905,32899603,24102321,24061970,46916522,42834136,42834010,32887377,24102298,24922031,24138331,23997290,24113161,24117374,23904162,32908811,32908147,48873561,33320689,32898514,32886424,57525117,50614550,50854264,32861689,50143544,42899543,24912541,24074768,23936814,23952599,33558878,24126287,23986780,
60779057:60174936,
60779101:61189919,32898953,12394960,57524958,32899344,61190147,61190216,61190053,62818422,61189976,53983194,61189953,57525309,32887321,26708288,61190244,32899677,34190958,32895306,12395036,61190180,61193494,61912703,61190075,57525117,
27291512:410048,40043491,13144890,64652090,1389530,64959070,54865701,
25038963:53981580,53974275,24042393,24061927,23984672,26273660,24164451,11196689,24525378,32895449,23973151,24054241,60260717,54076260,32898185,24929899,18256171,32886733,17996008,35241092,61367798,2814555,23961558,24929378,57763956,24138642,24915494,24164574,24139028,18006109,23325974,17404339,23741638,24086194,54009536,23957449,24006941,25558836,53977558,53977393,2376143,32861851,24525435,24921872,24074724,29383277,24060147,23968405,50718190,7107715,23984347,53999414,24102412,24064756,32898245,24085425,24907124,60880030,25030114,54053495,23973340,24971768,53983554,53975276,53993354,25051868,19776420,24917291,24094996,54066464,24048981,25069453,54082630,24117425,22288191,60686317,23984204,31364941,24102447,33113973,32898776,23984188,53974090,53982554,24912847,33114945,24164798,7111967,37257341,858980,59462936,55038506,53977444,60846775,53980848,24067403,24929869,24967816,24906885,54068273,24005636,24029776,24068429,61953715,23715600,61200820,18056923,25875009,7107560,23076513,22065079,24933642,18027172,33115602,34873736,12394964,53975963,53974600,53981344,31359192,61200842,25052561,32898686,31374076,23688079,60323958,24139013,22262611,24170011,11168721,54048487,53981217,24067395,24113193,25855203,24929439,23986760,479912,24025964,54070165,61198333,18256443,13836840,24184111,24917184,24071577,24209376,7107434,24923087,60882313,61200702,12395049,2369940,53976662,54051955,43339025,41374646,25743443,51143957,24085310,61198272,24005651,23997407,24102837,59082457,24113140,53981508,18035458,6463092,31014255,54009873,24086069,53974614,24106023,63942604,24929230,53975910,2356405,6920803,24525470,24153840,61904148,22265257,24921620,24060245,18267360,25047924,54002906,25064703,53985020,53974439,24042103,53975057,63844930,23442535,24105976,24064612,8142198,24049619,53975701,22265285,24921746,53995031,32895975,24102593,24169947,24525456,24917102,53976480,45628185,24015482,24929490,53974341,10702861,32895570,24117247,24068248,25394018,23729278,51993102,61200797,18255341,53981254,53974017,53976206,60846799,23997253,27804817,7107659,18135406,54001441,5137006,32907255,23988181,53983736,24074983,24184273,18255614,24170167,47013388,23980191,23783061,18256224,24094967,24170297,18135268,24004336,24054227,24560387,53982680,18255469,31530999,24170252,24209551,24929467,23795427,24054361,24159145,7107607,14895426,50539618,23963963,24062045,24184033,53981829,23972413,24029355,24194115,24917139,24138964,18708208,36194612,24054309,53995720,20765121,28154540,24164507,53983989,24074641,54010320,54048254,7111896,18267286,15121149,23737718,24071800,18255718,53981231,24060213,24054161,24195134,24154210,23991809,24175798,24117083,62496372,24004240,24153804,24074598,24113468,53982989,60855647,24922796,24164485,61054646,23987935,24901047,24004325,7107684,23957380,53973975,24071520,24113553,53992648,24126235,18267444,25069107,24525338,17146927,24015290,18267327,33114202,24060293,53999551,53974557,24967864,61320740,23373073,24054255,61200443,24054291,54049305,24025645,22288118,24922013,61200690,23737600,60879873,53976504,53976396,54068487,24195349,18267399,53993594,24923132,24068410,24004655,32889528,60879300,24085498,22231284,24005612,60874128,24061855,54052720,49414078,24113314,12395055,53976345,60846541,34234420,24038571,29143200,54056598,53982977,24921912,24929646,23974919,54052960,23991785,24071548,24071538,25052507,24048970,24160662,24102531,1011075,24783236,24064624,24009451,54065664,23964058,10649471,23980233,24525398,53974311,7107524,24915584,1161220,24560033,24917114,24089962,24029221,18021508,24029917,53982572,18256645,53974325,53999394,22610348,33114128,22265276,24074750,24029791,24049148,24054278,53993551,24130664,18256139,24015669,18256095,44262069,24054327,23971246,24085930,50451008,58709208,32907684,12580402,40850899,46663356,24560295,24054497,18256402,24153715,24915525,62801099,53974236,53977025,24929524,24061970,24105964,65981065,25067329,53976078,53975455,24089986,18021886,60845522,24138331,24009199,18255800,60874046,7107493,53976869,61112987,40695415,53974985,24917021,7107459,24917037,24025978,7107631,54066979,61198062,55940496,
48959532:2814555,22047283,22065079,479912,5748243,15121149,
25038951:25038956,24042393,24061927,23984672,26273660,24164451,24525378,32895449,23973151,24054241,54076260,32898185,24929899,18256171,32886733,61367798,24929378,24138642,24915494,24164574,24139028,18006109,23741638,24086194,24006941,32861851,24525435,23973098,24921872,24074724,29383277,24060147,29432211,23968405,23984347,53999414,24102412,24064756,32898245,24085425,24907124,54053495,23973340,24971768,53983554,53993354,25051868,54066464,24048981,25069453,54082630,24117425,60686317,23984204,31364941,24102447,32898776,23984188,23984439,24912847,33114945,24164798,59462936,55038506,53977444,53980848,24067403,24929869,24967816,24906885,24130646,54068273,24005636,24029776,24068429,61953715,23715600,61200820,18056923,25875009,7107560,22065079,24921664,24933642,18027172,33115602,31359192,24038406,61200842,25052561,23688079,24139013,22262611,24170011,24067395,23986760,24025964,61198333,24184111,24917184,24071577,24209376,7107434,61200702,12395049,2369940,43339025,51143957,61198272,24005651,23997407,24102837,24113140,6463092,31014255,24086069,24106023,63942604,24525470,24153840,24921620,24060245,18267360,25047924,54002906,25064703,53985020,24042103,23442535,24105976,24064612,8142198,24049619,62156192,23963044,53995031,24102593,24169947,24525456,24917102,45628185,24015482,24929490,62156236,24117247,24068248,51993102,5748243,61200797,23997253,27804817,18135406,54001441,32907255,23988181,53983736,24074983,24184273,18255614,24170167,47013388,23980191,23783061,18256224,24094967,24170297,18135268,24054227,24560387,18255469,31530999,24170252,24209551,24929467,23795427,24054361,24159145,50539618,23963963,24062045,24184033,23972413,24029355,24194115,24917139,24138964,36194612,24054309,53995720,24164507,53983989,24074641,54048254,7111896,18267286,24071800,18255718,24060213,24054161,24195134,24154210,23991809,24175798,24117083,62496372,24004240,24153804,24074598,24113468,24922796,24164485,61054646,23987935,24004325,7107684,23957380,24071520,24113553,53992648,24126235,18267444,25069107,24525338,24015290,18267327,33114202,24060293,53999551,24967864,23373073,24054255,61200443,24054291,54049305,24025645,22288118,24922013,23737600,60879873,54068487,24195349,18267399,24923132,24068410,7107742,24004655,32889528,60879300,24085498,24005612,24061855,54052720,24525312,49414078,24560326,12395055,24038571,54056598,24921912,24929646,54052960,23991785,24071548,24071538,25052507,24048970,24160662,25048017,24102531,24064624,24009451,54065664,23964058,10649471,23980233,24525398,24915584,24560033,24917114,24089962,24029221,18021508,24029917,18256645,53999394,33114128,24074750,24029791,24049148,24054278,53993551,24130664,18256139,24015669,44262069,23971246,24085930,32907684,46663356,24560295,24054497,18256402,24153715,24915525,24929524,25067329,24089986,24009199,18255800,7107493,24917021,7107459,24917037,24025978,54066979,61198062,
51956500:3167080,29288656,
38398063:61112938,59143390,66278835,52443619,29204445,59376661,61112987,
51541688:
51541940:
52333947:
49769029:37996807,37996520,18325489,11563210,32153713,
52333941:19051551,42205996,21480846,
53861301:
53861666:6855420,63538729,48943375,10437362,
53861303:25002042,12225340,73631,
53254378:31951840,73631,
52012364:51379347,
55635460:12225340,49029650,73631,
55720301:
55720295:21480846,73631,
50015080:13499393,
38439684:22047283,48188147,6306961,53124712,22065079,61767362,50936021,64190999,50936041,52448948,55304301,18325489,24984248,22274865,7191761,50604727,51267472,11860216,42289453,15121149,7008009,22064456,2078607,47549726,22047166,55304399,40851306,65079933,44262165,50747085,55304475,60533517,22065113,32153713,32153269,40850899,33940994,5747431,25557759,
53436169:
50623752:61112938,42289453,2078607,47549726,65079933,33940994,
50015414:24984248,32153713,32153269,
50015262:61112938,22047283,6306961,53124712,61767362,50936021,50936041,24984248,22274865,7191761,50604727,12394250,11860216,2078607,47549726,22047166,44262165,50747085,5747431,
53294791:
40772959:
40849057:22047283,61767362,24984248,12394250,42289453,7008009,44262165,22065113,
40738479:48890989,48188147,12394250,40851306,40850899,
55304493:55304301,55304399,55304475,60533517,
49891505:63791723,63582857,42205996,6175059,44750637,56467603,
50014909:47290333,44819392,47295021,33415981,
51570838:19051551,52303279,23475401,42205996,
55915060:1707358,27616669,
51570825:1082861,44779152,1993770,63598888,
38398180:
56471104:
52412637:
52412623:6516439,
52333952:
38330305:38328589,54722468,3841809,34932698,
38397676:61113354,22818300,58516116,54722468,3841809,
38397878:
38397890:37419003,25965986,
37838271:18554459,41562046,31120041,37851286,44260617,44661451,31111317,44268143,4600047,44263064,48607134,37929504,28994014,25479817,48613469,
37837779:30692000,26074816,37838141,44633655,44636090,44260617,44661451,44645401,37848524,44268143,44263064,44606187,44614356,
51956082:
38336631:34255404,3708331,18571038,12981566,
38465397:55647587,57931481,32294208,47549289,
38397728:24839116,44263842,44263804,27877101,2000396,
38401134:41047885,
38330369:38328589,40816733,50666566,65439892,40460800,25836356,48992560,40461927,
32054937:31468589,32379050,30975320,31069264,34050798,31000395,
38685610:34050798,31000395,
