3979774:211915,16777560,59494125,63560999,55283273,56709407,
29536553:9672360,14849368,51033864,65663844,
29536327:48865206,20901539,51101046,2604811,17530509,42007752,38350898,17659080,43916098,50674061,38365580,1824320,7323724,7324896,38365489,32722916,
27044113:11859939,
36752511:17659080,63641592,
53735243:43311233,17242002,
47291643:11296908,17530509,47593246,2101799,47725284,
24349519:9342301,30288693,24339845,37255033,27932021,14849368,
53508262:709288,2402048,35067906,52390201,35133913,
62428813:709288,9342301,27932021,52397852,47603880,34841260,39752021,52591745,50074767,52390201,35133913,32172667,
62428902:24731127,30992751,62490546,55122704,47863157,40004154,39194920,41185237,2213720,34839184,53927456,37156799,2401870,45642999,40732535,62260797,31538311,177537,41817128,44050082,42006196,7202413,40522288,21365064,51703389,1738043,54891865,38556538,41883916,29195911,30425210,43033269,48360012,7112945,13940995,51666052,39485042,59040975,64040076,65181022,1576360,50697113,41147343,17414655,43526174,39028341,57412986,52264526,8884976,46536234,47174592,37144903,30865214,50771919,52869306,51452496,38570186,32475572,1436218,39762021,53423678,1170044,1318924,57038887,5869169,63094384,5930557,8003006,45076133,32761054,39864710,52780425,41472380,40963217,65589803,25087264,59229713,31151447,700929,47184117,65649190,27459841,996089,44525469,50574765,35826807,44809038,49296728,36332489,606490,49531473,6050658,52651001,41159629,51322593,59086450,1394575,47958868,45160929,34724983,18348989,
62428607:52321577,48360012,55567113,50771919,65694274,49296728,606490,49491544,18348989,27874427,
29536531:14227689,22344398,19228901,30233566,2402048,35133913,32172667,
12635732:6210684,12639610,
29536437:
31743238:43914178,2505296,66210416,8612989,2412596,
29536451:27471417,42013458,20901539,43914178,32568182,27630026,65083376,
62662286:27630026,
58457399:44396745,
49197052:42333885,42997256,42997272,54600727,42013458,21598139,40861357,40697169,12380109,43066887,53683382,54638348,54597303,40266596,27315849,54601648,42332947,54644748,39293312,54567200,54740880,54623905,42332978,54798889,
17560262:49092339,41806327,42721876,42013458,42052930,42135856,42671275,41741396,65409738,53438590,40143735,55172528,50003526,65258975,49820025,49777203,42717046,49821716,42007752,53258977,49823915,58749672,50018932,44209062,40137251,42333984,42022389,65170213,55081626,53433725,65427305,49214811,49214973,65170374,40696910,65133549,46425639,49898627,49208491,42021053,49898663,49898876,
42007785:42007752,
21425597:60795704,
52502337:29961964,46901294,45516835,36173340,
56894032:29961964,46901294,45516835,36173340,
55635082:23702108,42481999,17687501,25174641,20988013,3418604,27308687,34724983,
56894050:46901294,45516835,
51957091:13195442,14685173,12639610,15654561,14260881,
26419721:51033864,25096282,47270171,65883931,47351781,44416395,
56073577:11356400,52032169,4490780,25871342,5936972,38299629,54071347,19368398,32723879,
53496761:14849368,57008210,17826045,4490780,25871342,38299629,26001291,
53427229:11356400,52032169,5936972,54071347,32723879,43937380,
38380434:37885881,66038720,18497134,6809364,66065115,52020482,60600284,60485629,55966798,58106359,32589612,40555284,34953010,
7681522:44737965,20080627,
7083527:15002469,
26861987:211915,
27033097:
34479853:15001902,15002469,
41023044:7108497,50771919,35575751,58928064,
11273574:39410546,32704494,56576011,41918762,60042059,38556538,61365429,62776313,62942881,56502432,37093064,64387053,35516127,60085284,60163144,57141019,4202761,12676526,606490,
51628877:
52319051:
51630346:5170710,11776777,11768984,41156043,27817214,21849546,30865214,35952731,40962975,9561427,25478556,8003006,40767122,30170303,36052863,5376330,5784261,46372771,34847815,8001781,
56979960:39192725,8503238,
57186125:45516835,
55839045:1697938,40895653,48478997,35952731,9561427,25478556,8003006,30170303,36052863,8001781,
49769442:30865214,7013643,38084599,60845433,8003006,60845399,41007970,
52502349:17687501,45516835,
52327418:4111450,41344729,45516835,42592431,
52466400:45516835,
51630325:56882966,39177370,
51630317:41638916,13635379,10038011,2401870,49631085,45021401,52992282,25833639,48187800,22976732,12892044,22559758,6794398,31683198,
51630401:700994,33052803,55266144,30196487,8503238,57142208,54478854,38347236,
55634989:49159694,38556538,9876059,45448548,9873480,
51630336:43477935,220086,53336838,45516835,35549870,
56455650:56013306,50873492,40256257,42998906,33220982,48231962,
55839058:48187800,
51630365:58748458,35460992,62568852,6587775,39192725,36184961,25833639,50508724,
40772690:54727972,8003006,50796419,3418604,41159629,
53294769:
40773021:
40849000:7012641,48369605,12511938,2013584,43320471,30865214,63131117,
50987270:48369605,12511938,30865214,50709508,41159629,
53295019:50709508,48231962,
51628873:48360012,17687501,2516253,50771919,59686579,56447566,49296728,57530305,
47389620:53927456,57038887,39141705,46596859,44045493,1610384,29700010,35472824,
50569091:61882915,61882897,62540809,62312308,61882952,61882933,36110494,53024782,62540823,66367788,62366494,48233199,58934464,62023469,35604000,51881878,62801261,53021126,66367796,46721715,35195331,
51630196:20378182,58613546,288197,45088365,56466660,51881878,42935163,48192150,53020282,4558550,6794398,438714,50022159,51801722,55360627,35195331,
51521621:7108497,5418846,36567805,29144401,7109223,
47389608:66349446,37093064,64408765,36135768,52572694,52811391,38900403,57141019,53030519,34192703,52642093,
51630283:45642999,48360012,41344729,45516835,27223917,42592431,
52319024:41918762,54727972,
60311600:25982320,54045199,55266144,6959544,57142208,60352728,54478854,20168106,42098855,47091998,46985338,
43270971:43264279,2380267,40190381,
27031635:49363394,51622793,27031615,
44852939:43787579,58109360,2710167,
53226084:48037267,
52757963:50412553,
34365129:
65665542:51101046,31725377,
40858148:9672360,492424,60333822,21534058,1179187,39155721,
41380146:48865206,17659080,50674061,
63443392:
63446592:22818240,
63443385:63309837,
41380145:22818240,8495280,
25863126:44848561,23747736,22824124,61496769,24885074,37557438,51723813,47863077,61526400,
26525360:47863077,44848561,33930676,50855276,23850188,43995361,43214661,
26525372:39425292,7112700,60414120,7112761,53334881,20940403,42061333,39345682,38697725,52735080,53334797,23043065,29225385,47863152,47863157,49593501,12394848,51033666,29302106,1148656,38278317,60199786,39427005,42780481,51196331,51197039,7080322,55900715,39748928,21060701,51113324,50224351,63918220,42006196,51189263,34775073,39036181,7112879,39855954,28936295,60568949,36720097,8542259,52349444,12394881,60456861,7112945,28119662,7160034,51166657,50347841,17414563,5333427,51228060,64294401,9874083,55910569,43218938,39028341,42780441,63498646,39107890,51186335,51203677,39182016,7112793,59214903,63381556,14291686,42973656,5698870,7113082,12394884,38989627,63510211,39058898,2503847,39437273,8540355,39106996,39128298,15025350,39081844,26973772,42830274,21301379,65601884,39299110,39436594,39425412,39059488,31247428,17288630,25652120,1361070,36526867,56320210,3021964,52913000,1786446,21572005,50678516,7010567,3450553,22192664,53450562,38519505,60457000,47729851,15903547,56319123,48674130,2679329,9054708,3418604,37012989,52950224,60413927,51141505,43197590,39755211,570759,55570651,55572526,55572659,61330791,37389919,39436435,39436862,39752218,39747716,
43761863:47863152,1148656,8542259,26973772,8540454,
64041668:59543088,
64041659:39425292,7112700,42780481,51196331,31247428,3450553,
40878822:47783381,
52384040:18584636,
52163730:41715701,43916098,24885074,
50856537:6486861,
29536345:34480210,13259594,32294218,11296908,14469787,59216563,
64186408:61526472,47593246,61526400,
17049851:573470,994712,1195014,19741404,35604000,28928391,42935163,3083463,26541043,2531609,
57597314:12818583,45265055,
35864970:65663844,48865206,51101046,38350898,16989973,50674061,38351038,38365580,23911325,38365489,2710167,32722916,20080627,
43711600:32907939,50767483,44737965,23911325,
32054847:65439857,
32054832:31468547,32379024,30974343,31068398,31000321,
38680476:31000321,
