1396602:211915,7690067,3892408,1396589,455980,51585,2371949,1342550,294148,
34011745:7690067,7690161,33658023,55339201,59230821,
27075984:1396589,
47612117:455980,43862287,23316667,49189818,63168197,61012747,3401732,11141157,62208201,24760680,
55150785:35057608,64065803,20097450,9547443,8969826,44396705,64220801,
1531888:46877253,51585,34407591,55121449,4760153,44415349,3748072,31881833,9308092,27636331,10142040,14321780,57840042,30711595,66138588,18218153,4397937,5411156,30874055,29458575,15608438,32721240,51501766,45366939,59143979,23488929,4953782,17700713,13628739,8795817,5880160,27009318,2961384,3578457,21771383,37757762,1045779,32682584,2605391,26107908,21421579,12945267,5797726,66256800,32976599,9562123,23166830,60019462,26559593,2655790,49619723,1060280,11517652,22231575,4168725,43622616,1425915,12730586,5289073,5218918,5073668,1894789,46861877,1904608,990319,31130869,31968467,46443543,4774792,2934308,10031596,26408994,34490684,49913209,45502344,43271243,33344189,45299420,42670869,20428515,34952711,38484026,28041499,1771649,4709565,
48686330:52730514,4851670,2101440,36411685,53860499,25927192,50757985,22930285,17768304,720662,2492793,3238314,40343921,18680933,4465722,58847078,29559811,7638762,665193,53658060,25738023,64703011,3256433,
52872043:28948154,16344494,
52930528:28948154,28947584,15619530,
41573645:4465722,41549829,41553974,41545516,41545813,
65580593:37757762,665193,
18006482:35695735,18206656,46773647,26457880,36437395,15234289,3470389,52856469,56384091,2258741,1630820,59552075,28053421,15234820,8646596,25033240,49076863,31496014,6071082,6582672,883434,1489317,40593046,7180606,61251071,40953562,45064380,57819333,51411531,8677505,27653649,34323356,50062861,10438530,5537224,41201825,45413764,30810513,19914097,20503980,1677997,30711948,5178062,383467,31784441,34477999,1899895,44901253,18429436,21249021,66402743,18342300,39350503,13372089,4817139,13897001,12305208,7117272,60289032,2606872,50942773,5116128,42109107,21214667,43188328,45582167,27547004,6449226,26435184,6012962,21605000,6534979,655887,60906727,52207190,31867885,44406408,2084128,3349485,32336498,1899844,56039111,24838827,59675403,29524002,18245278,39393860,1587357,1059776,63774319,63775680,7353354,26559593,32669423,19521743,45694248,46240261,2847982,51193983,25525113,2154669,27760057,43179603,59640749,30874417,54511924,46178283,13062211,6955984,39137817,4146246,45013414,20667098,2581975,30626621,60197853,54244910,60316785,679245,448858,21772784,2074318,25039396,12116368,57817497,28318545,42851757,33851303,50544328,64001301,403339,24448970,21844874,23524375,15848725,39407914,25067653,29372419,25868058,24581817,24328828,62897499,30441368,63108153,
25020604:25020534,51483978,
47254714:46441542,60810515,46986538,47126555,46938384,46940623,23565301,47076981,22706149,46322575,12376566,23565342,23565272,23565246,47076935,55383182,23392230,47030001,47405998,48090758,49637248,46472646,47059498,14963379,24306349,47076827,51223475,47017788,47017769,2154669,5480397,13031664,8702768,58712952,6704935,8093683,33130473,47472453,37561260,47401631,47120677,46938341,47671590,873090,47349301,46928939,990394,
21580870:38583401,43751131,44348393,42453828,48170362,47187157,8287028,51770034,49280257,9853438,161628,40458154,12246003,61750393,45556789,45357761,49530042,50142212,45563609,17749927,20926639,31911270,31911285,55761219,38408680,60933944,55266155,59221701,45350700,60254007,52577107,62563915,30418393,46603850,45002300,58253440,22637724,57792556,41930686,58713754,45356833,48170179,9344831,40860057,299145,43212738,63280855,59429420,4578525,526810,45575921,45576173,45356221,57129885,52240729,45357704,55266144,42098686,539944,305010,1648199,56460599,45357904,45358192,64441394,64579900,8496558,10412202,49642801,53772655,45358224,58413194,45356807,45357478,45356528,15619833,3981331,2979063,35298138,45356944,20645509,60033780,65674994,10453927,61707633,5295858,45357086,45356557,13873268,444585,39750241,38431313,21628767,28151829,52955670,46276955,22883737,38803137,5573825,45357874,17290201,42240227,1606261,25308692,352699,45348060,31545116,29848191,33849591,21024770,64452031,2798490,6224818,51960710,2399825,16708072,64596575,54025702,45356741,23846284,20368922,51389625,21433008,22576164,30643406,59595588,39936124,39110711,18864968,39797874,41591715,38639286,37085482,26197775,1223028,51664815,59247324,10652423,25235212,50517623,8512666,45563905,27916590,7331235,49590896,13950673,45351790,64538410,48187872,33170665,38975792,45356410,27983290,40276009,48884719,33088731,45356908,45574168,40410587,1968219,34138549,33063560,64762240,23627870,42867691,39355287,56384604,843495,51904444,58441592,50798387,7902412,64432403,21838637,51555462,12206060,45632423,51683739,44170735,36944492,54204721,34529235,32704782,40159626,52164751,1111427,45356426,26625375,24895024,31985659,54442407,61869211,45357042,24242205,23496265,28519272,45357456,45357824,60664422,35552168,58696374,51343890,9700787,23545713,45357639,53020202,37470615,38204761,61345989,59846095,36071599,49727494,41127330,45357665,56501763,15637478,45553110,60251652,52950224,37930070,27711141,33852032,48395663,35538022,50536052,3007831,63931952,45358167,30607671,44646486,45160929,623527,31159242,33227641,6647964,50113954,50168864,28713479,45356852,25388941,45321738,45320557,4934996,17805617,45357020,45356792,48248363,49395569,
42358285:
42295384:7158762,38541525,23270673,47068945,22659653,7783315,1085284,43116701,2839763,63197730,40188799,36426440,25008386,44651362,44008551,48103162,36749268,38639286,40904028,42851745,50993195,38975792,19506131,17070583,3536669,35320851,36963695,21436653,26595776,46499402,55372781,32878664,61525812,41730650,43056455,
42600460:57414691,43537933,46374930,46253923,21148082,42439444,1148182,62330264,19106052,24558010,11513823,39685744,4583018,28138575,28724070,31826761,44166739,25214969,2276463,41851403,43280988,31545116,40554375,2839963,27350977,5394171,23852678,44553150,27643710,58617960,35626063,38871163,46230126,40475809,13943418,1038636,36071599,52826657,29416947,26761207,66358176,40859358,
9994325:65000506,26457626,14119845,33561523,18631268,36572454,58230892,37078493,33499564,16561790,31486742,30985427,35547186,39072402,40090867,37594447,42271644,42350263,45349920,49680385,53147668,53489348,59100845,61405329,21349959,5411156,41948051,44252012,28915151,
14848807:935289,7902661,
38311535:
50941218:40048194,60174661,51667236,50761240,25864367,40029642,58735257,35854947,33248948,10882484,38028080,49628624,49503237,51646747,62454783,51499876,62643214,35921486,62663668,18115776,54426532,35825765,57336702,40047902,35922833,57336841,40048268,35921967,54276400,35873364,56154598,25864424,39828976,25864415,35821599,25864396,25864377,36033665,55267214,56275870,20578400,62693231,62655917,58735164,20767837,54237009,5101711,2172171,51635910,62658206,40048055,35921991,40048326,53929760,25864388,38028100,20865558,36231108,57328778,25864404,7375875,62437832,9353336,6066159,40047926,36003047,44295340,20305401,53932329,7335063,43341053,58751015,25864380,25864401,35826271,35826180,47778147,46246337,42014307,28530061,20767279,58735077,62437826,57687559,19165734,35921919,31611580,35873413,57337366,17363435,29341648,56043331,53922721,56367491,40048368,23979491,56154087,25864419,35873383,35861911,25864359,20639795,35922158,38028372,25864353,44255655,34145182,46514912,39292946,57318154,60364774,51183349,56275811,
39140853:35854947,51499876,35825765,57336702,57336841,54276400,35873364,56154598,35821599,55267214,56275870,54237009,53929760,57328778,44295340,53932329,7335063,35826271,35826180,35873413,57337366,56043331,53922721,56367491,56154087,35873383,35861911,44255655,57318154,51183349,56275811,
41653570:49628624,35921486,35922833,35921967,20767837,5101711,35921991,7375875,20767279,57687559,35921919,40048368,23979491,35922158,
41613440:38028080,38028100,43341053,38028372,
41653736:40048194,50761240,25864367,42922713,40029642,58735257,42923499,33248948,10882484,18115776,40047902,40048268,25864424,39828976,25864415,25864396,25864377,36033665,20578400,58735164,2172171,40048055,40048326,25864388,20865558,25864404,40047926,20305401,58751015,25864380,25864401,58735077,31611580,17363435,29341648,58751289,40048368,25864419,25864359,20639795,25864353,34145182,46514912,39292946,16268470,42932404,
41653404:51667236,49503237,51646747,62454783,51635910,62437832,9353336,36003047,62437826,60364774,
57313314:60174661,62454783,51635910,60364774,
38311531:62656334,62643214,62663668,54426532,62693231,62655917,62658206,36231108,6066159,62655897,47778147,62643009,46246337,42014307,28530061,19165734,52791430,
31570777:9959748,14823618,30955231,30936178,20125381,20498297,20129176,30926668,
48961753:9959748,
47273210:14823618,
47198925:30955231,
47289900:20125381,46746652,
46538989:20498297,
57313321:20129176,
44113771:30926668,
25334668:31664789,9038054,9037734,9037013,9037739,9037193,8904542,31664827,8825996,9037267,29766939,
44278189:24973150,
16050857:3285384,36404131,31361951,27636331,25738044,3419725,2492793,50387413,28915151,50390748,25738023,
31366414:43033806,9462614,31044790,32712127,40685888,49410823,42982081,42979434,36248585,15955146,42986107,43567871,20208648,59593517,42968330,49410654,49641249,39696619,31366381,36248406,36245572,37140135,29355584,
44247351:43033806,
43025539:63500393,19541232,63501125,62723728,63493652,63246911,63507621,63500934,926719,
48962861:9462614,
43502449:4524989,48570876,50887473,12019304,54960199,54445468,7914563,21440138,49580614,25120116,48651746,19096359,43374132,48561500,35826314,35826641,51329852,55132382,35827902,6002706,20836890,23244922,35826691,14191295,4583611,13003764,12273862,6015467,21357447,54570170,56351614,21358095,48652327,54743112,55129435,54988756,54967535,57149192,12835641,40016819,54469189,25109824,41191172,53123348,5606695,35825858,56416029,57345607,50097326,15428423,56349769,35873008,35826264,54473395,57341451,65740410,56130762,4328314,6015575,9571012,12200889,35801945,8570136,54570605,54469452,28287733,35855015,8570062,3810200,56247118,7000370,1305223,
49916475:31044790,
49916495:21508446,19866061,13313616,15870495,22379692,2828808,7580745,14862949,14895621,61381387,14895619,14862951,14895591,14896160,14895254,11997039,14862908,1630511,8086728,14811323,5240407,10813228,11883666,10293578,55802002,9541237,51443210,14863003,14851075,14895293,14895294,20280363,14863004,14046009,14863068,
47273235:32712127,
43588801:35910166,35921239,36377592,35910329,35910348,57891849,36377580,9006770,35921285,36377613,35910085,36377558,5725788,53839113,35910377,57932843,35910373,35910192,20723699,16572218,35921304,35910359,19092931,57939376,35910202,36377460,35910203,
44245030:40685888,
42891224:59484867,59488765,3386438,59483712,16766585,59491790,59476481,59441831,59514332,16699100,25528712,34190448,33164642,13730487,59457910,59514471,59525771,59524352,59488813,59499079,59507628,59507434,8630460,60816839,59507426,59508070,59475556,3442916,
47198551:49410823,
44868826:51210549,46806965,46806762,46758547,35798676,46802686,46436469,46740378,46740325,46436514,46825622,46892912,46856313,46786060,21382626,46866607,46786166,
44229551:42982081,
42981918:10649834,64022248,63890798,49999644,64016823,17840259,35865522,10649950,
44312938:42979434,
42979350:63865540,20842977,33052413,13702218,63805766,
57597978:36248585,
57597970:35915847,28376268,35847883,14836153,62035108,5609236,18675599,62049168,62058707,35915875,35941832,35941864,40360909,62058598,5421196,62058618,35906258,35941917,58551689,62027591,62058692,13797035,35941933,5421239,35906131,35942012,35847832,10506343,3529396,6157914,35942133,5421181,53113220,35942175,62049212,62058777,14625636,47193295,62058582,62058807,3525921,35942199,5236008,35906189,5421133,33142553,17905993,5421169,5638317,9526098,62058747,35906164,62048532,58551418,18824200,
47290116:15955146,46770128,
44879471:1996313,33334121,33285804,33206811,33206772,15571860,58900864,61276256,33207671,39718766,33331753,33207796,15572870,12849683,22636718,22074706,10849165,23908283,63443047,38270407,61378537,25069159,33207830,33207687,27725651,2186162,33206937,23500208,33310983,43784745,61378476,33207726,58921080,58900835,33207711,3399678,24917526,38839568,33207768,20742663,20742691,33352960,9278745,25865234,33353009,33207880,33207654,33206737,33334271,33334152,61378512,19501826,23908120,5946427,11524211,5916791,33207820,38074280,33207604,8387300,33207873,7830068,25865134,33207849,25865014,25865304,3399728,20722624,7595964,20726426,14188014,
46292290:42986107,
41578690:47824170,54171290,20784137,
46519960:43567871,
43555059:19097433,61489757,61489471,11166285,61485376,36292380,20863797,36292429,61499607,935189,61484367,19096591,19096717,5028000,61507387,16738550,36292473,19051274,19097283,
45661768:20208648,
45661622:63426761,36430099,63426793,63426807,36438080,36438078,63426837,36437941,15434796,21175160,41468969,36438073,36437955,36438056,63426858,36438046,63426873,36438027,
44073650:59593517,
41745488:58386527,58476082,30678106,58399685,
44584809:42968330,
42968237:61478909,4101100,29686795,64310999,64311251,22831942,64313817,
44733090:49410654,
41543066:63049472,46675704,63126281,63109378,46727747,63137950,46654041,63152067,48944728,46716863,63084572,63047814,63083797,63086069,36695934,46770854,46770840,46727602,46659329,63126313,63126336,63077055,46659246,46751397,63111614,63216348,49438745,54794937,46654029,46736703,4509705,26735560,63042020,46675897,63111602,63111402,2635398,36316478,18849290,46728543,46770888,63116950,63152073,
46539088:49641249,
41768740:2194208,53350640,53390336,53403968,35881882,36002262,53414290,11454717,36002236,36002460,36092123,36092063,53380270,53307365,53305692,35881913,35881857,36092183,53390465,35881928,36092132,35881898,53307380,53329431,53305571,36092169,
45257580:39696619,
43568029:56738857,56886678,31340193,31403638,57402875,31350055,38306258,31763139,38307855,57402837,21122573,32346977,56677500,32170300,56650195,56677412,63942324,32150394,31131039,21006124,57406450,
46422555:31366381,
42987074:65298865,18203933,9829375,60195465,57992671,60188241,60193658,57988956,57988960,60188021,60188255,3956735,39717905,9857720,22522213,65437481,40578389,
49400713:36248406,62163519,62163600,
48107712:59867055,60408043,65908827,36206530,59866495,59885732,59900170,11746440,27192054,36206577,59866524,12684986,36210177,59885757,1479681,59866574,58509601,59866593,59885818,59885828,12684781,27192215,36206176,36206203,10959302,27192034,59866620,10665027,27192115,36206525,36206157,36206567,27191996,36206553,36206541,12685060,59866694,12684808,12685078,12684859,
44297684:36245572,
43406973:62525149,62525118,62525141,62525091,36208231,36208331,36208322,36208306,34469319,62525110,62544025,36208343,62525161,62525123,36208272,62525103,36208314,62543987,62525098,62525131,
44113874:37140135,
41650525:18844982,38590803,62870913,62870382,62877718,38583589,62843502,62846444,62796766,54066754,62852520,16999540,19050310,62812513,18850353,
44924588:29355584,
44924578:60477883,60471680,60553739,60471226,60497542,60517924,45672773,36146646,19275226,60484837,36116573,60485498,15662347,19315666,54401413,36116108,36097787,60484652,60476262,60511380,60486034,4782697,23796756,36146672,19138506,14681474,19306297,36116770,16801961,
41543071:
50941194:35915847,1996313,33334121,56738857,63049472,51210549,28376268,35847883,46675704,61478909,48570876,14836153,62035108,33206811,33206772,56886678,15571860,2194208,46806965,58900864,4101100,29686795,61276256,33207671,65298865,50887473,53350640,12019304,5609236,33331753,21508446,60477883,54960199,54445468,7914563,33207796,15572870,62525149,21440138,62525118,31340193,59867055,31403638,18675599,59488765,49580614,57402875,62049168,19866061,18844982,31350055,19097433,35910166,60408043,62525141,62058707,35915875,35941832,61489757,64310999,61489471,63426761,53390336,63126281,25120116,35941864,40360909,38306258,22074706,62525091,23908283,63109378,60471680,62058598,63443047,63500393,5421196,62058618,48651746,36208231,19096359,36208331,36206530,36430099,63426793,59866495,63426807,33207830,22379692,60471226,35906258,63865540,46806762,31763139,11166285,33207687,59483712,2828808,43374132,27725651,61485376,59885732,59900170,7580745,35941917,58551689,33206937,62027591,16766585,14862949,46727747,63137950,36292380,11746440,58386527,36208322,20863797,35921239,38307855,62058692,13797035,43784745,35941933,14895621,35798676,59491790,36438080,36438078,63426837,46654041,9829375,5421239,38590803,53403968,27192054,48561500,63152067,36437941,60195465,35881882,36206577,35826314,35906131,35826641,59866524,46802686,48944728,33207726,58921080,60497542,58900835,36377592,12684986,46716863,36002262,35942012,61381387,59476481,59441831,33207711,36208306,36292429,3399678,60517924,14895619,15434796,36210177,33207768,14862951,55132382,45672773,59514332,20842977,35847832,10506343,3529396,6157914,35827902,62870913,46740378,57992671,63084572,16699100,63047814,57402837,35910329,59885757,63083797,19541232,6002706,36146646,63086069,21122573,35942133,60188241,60193658,32346977,35910348,14895591,57891849,36695934,19275226,34469319,53414290,36377580,60484837,5421181,20836890,53113220,23244922,46770854,46770840,35826691,1479681,59866574,9006770,14896160,14895254,58509601,25528712,61499607,46740325,59866593,36116573,21175160,56677500,59885818,59885828,14191295,62525110,58476082,62544025,10649834,11997039,4583611,935189,62870382,61484367,13003764,19096591,35921285,64022248,19096717,46727602,36002236,36002460,12684781,12273862,14862908,1630511,35942175,41468969,8086728,36377613,35910085,57988956,6015467,5028000,63890798,36377558,14811323,47824170,57988960,62877718,49999644,34190448,62049212,33164642,38583589,33207880,27192215,33207654,21357447,36438073,46659329,63501125,63126313,36206176,36206203,10959302,36208343,54570170,5240407,46436514,15662347,33206737,62843502,19315666,54401413,13730487,56351614,61507387,16738550,27192034,59866620,21358095,62058777,33334271,33334152,48652327,36092123,30678106,62846444,10665027,63126336,36092063,64016823,46825622,54171290,54743112,14625636,47193295,63077055,53305692,36437955,46659246,61378512,19501826,62058582,62723728,27192115,23908120,36438056,5725788,36206525,35881913,55129435,32170300,53839113,64311251,36097787,46892912,62525161,63493652,46856313,63426858,35910377,57932843,46751397,10813228,54988756,46786060,35910373,63246911,54967535,57149192,59514471,59525771,40016819,54469189,56650195,33207820,35910192,62525123,38074280,25109824,56677412,63507621,49438745,63500934,59488813,33207604,8387300,5606695,63942324,36208272,35881857,35825858,21382626,36092183,56416029,59499079,59507628,62058807,3525921,46866607,59507434,53390465,46654029,57345607,35942199,60188021,5236008,35906189,33207873,50097326,36438046,62796766,60188255,15428423,63426873,46736703,5421133,56349769,55802002,4509705,60816839,4782697,20784137,13702218,33142553,26735560,17905993,23796756,54066754,63042020,36206157,5421169,36146672,3956735,62525103,16572218,5638317,9526098,36292473,19138506,9541237,36206567,27191996,35881928,35921304,51443210,35910359,62852520,33207849,59507426,36208314,36092132,46786166,35881898,35873008,35826264,62058747,17840259,36206553,54473395,3399728,16999540,64313817,46675897,63111602,57341451,14863003,14681474,19051274,35865522,32150394,35906164,62048532,65740410,36116770,63805766,56130762,3442916,4328314,6015575,9571012,39717905,12200889,9857720,58399685,19092931,62543987,62525098,2635398,36316478,35801945,65437481,53305571,57939376,14851075,19097283,14895293,19050310,18849290,31131039,35910202,14895294,36206541,926719,36438027,46728543,40578389,36092169,46770888,62812513,8570136,12685060,21006124,18850353,20280363,14863004,14046009,57406450,16801961,54570605,59866694,54469452,63116950,14863068,28287733,35855015,36377460,12684808,35910203,62525131,8570062,12685078,10649950,12684859,63152073,3810200,58551418,18824200,56247118,7000370,1305223,
23425551:31477099,31363245,49457951,24913804,31477270,28934348,31370382,10817533,31443469,8904851,31370293,29266673,31450140,31477178,31450143,31402076,29700977,8854131,31477255,31477260,31475912,23425512,29766814,31477268,
44278200:28934326,
62163525:62163523,
41519242:18631268,28959180,18631885,
42362052:42350263,42360242,42360285,42822842,
59101486:59100845,59110645,59111524,59109988,59115203,59120752,59120209,59100925,59121001,59119047,59119877,61052148,
62092270:61778999,
57857156:9959748,9462614,9993203,40836633,40835651,25913533,6127084,2492793,42210662,
32318082:25913533,29176703,29182124,29134311,29083576,29201262,29129296,29156380,29143332,29155013,29155237,29180349,29200790,29081942,29182792,29162772,29120556,29141984,29116372,29137066,29176029,29137496,29189531,29154693,29103631,29200643,29176585,29189339,29189213,29134576,29096943,29168516,29159634,29166506,29129556,29157606,29167840,29129792,29168670,29162626,29133824,29129883,29154956,29105896,29135374,29141280,29133608,29157754,29190033,29164372,29133270,29202792,29129451,
31623549:7147477,37907999,36675804,36695452,12954691,2646073,36702807,33118562,35473629,12955561,2913271,8635549,35202073,29117004,37886408,29202005,36562505,4859024,29190569,52207064,2511056,17785553,47298682,57078158,49046275,4611410,12946070,24032487,4859067,44024356,6690395,28693485,7669225,8952177,44155172,40596012,16036069,29141685,38206605,22586105,18510067,21952493,38198706,36702529,37840996,40560989,36965617,8641802,18915744,53604645,31715042,24716397,55680665,8169441,43228076,37853274,7885077,29133063,16280621,36314303,60560705,37312481,54624132,18985215,46227813,28076155,16682600,26111474,40002137,48066905,24019664,7016804,9174122,42598984,22832188,11402082,30637190,19398897,29988661,36703181,36348415,36644701,21450470,8241288,42517571,36493520,21167767,54810565,42092869,19043014,56686584,58014423,36582963,12293228,938648,12583313,9711215,12293349,18482057,6432563,28684163,40128704,45097335,57199916,33721920,16097469,21238419,29082875,26538600,29144780,42186150,26538573,63859118,23439037,35799327,48044222,5403385,18889082,12581655,939260,987842,36673796,41155542,4699482,18810793,41636913,66324850,13072980,45518944,18982878,62445016,36647533,2446723,13003531,26260230,37285584,36294577,35173338,39982941,12629641,13060504,26538769,23155422,26538783,44867104,47298216,29114579,36858622,29151887,6812792,18723768,6153569,21772258,30624737,24007061,59117882,6449823,37907220,37004607,9000703,47630775,26528224,36702265,22383206,19102509,4586944,8458291,29153229,28689223,28370519,17789148,48068856,2665792,28309705,42460092,4641023,29202508,10067713,54503154,11679161,61452366,4586419,19076603,28881512,12606865,26219844,24574415,38369362,32512354,21658937,28020584,1037024,7174591,9511182,24083594,36880510,18303535,4938307,9511405,33678927,29427580,2593399,6687741,26260292,36702764,43834234,29220542,36703212,12630256,17367088,36567176,36485000,26555308,43680167,26839903,18916895,9522699,6138845,36347979,32977654,31275728,36244377,14940429,938506,8634372,18264143,38367312,25090533,62417758,33246928,5989245,42899346,17828980,36703157,17944881,3489401,43296074,13073577,4586862,36634075,38234330,13715909,44028646,18876555,6942695,41503549,19071183,29216114,29438529,51303357,30726959,3191579,28416378,8627442,28233989,36328433,36833801,51114507,36702909,28483097,26370193,4442222,18944129,19071191,37906409,36330680,29221719,51890155,16682666,51890256,12954580,36717071,51155178,36421413,2438786,37909090,29744762,29131911,6330400,17785288,18640490,38371317,40536783,29760140,57294677,10103171,35486649,29123013,63000877,4897313,22061438,18389395,36695444,37713325,28703418,20045952,17807688,26582105,26538296,8268816,18979830,930147,4743893,36596123,36647386,35509217,12293299,18917116,36347981,62413755,43483235,9405102,32671765,22061593,58028605,17788857,8143624,8774977,37909917,29127483,13214183,36892672,4508665,30585104,29116412,36936989,51033762,4465438,36170024,16665848,48991364,57345774,56497584,8030030,36703189,29140509,28992030,28662762,40301831,12292732,18889259,21540671,6681158,53330800,31253964,24396758,6334242,44913388,37808807,18875952,51882814,12946139,29174470,61926984,36584310,51073108,24230218,29215593,28740496,4442620,47286631,29687964,37886675,29272219,36717302,2646831,18946478,8373382,36670655,2682601,13072894,12471655,36703035,36294221,36647324,36624804,36628404,57201313,17651148,36635970,19432584,12955969,36583759,38328348,40591773,40746948,12115471,40092263,28173118,35885222,4788847,861362,51266007,29129183,36638181,9110284,18506779,18434927,12629950,4779882,32281941,28713479,17849616,45470709,4586069,62551038,18616000,9537985,28258667,32279976,36861169,23148146,4451491,27048574,9511264,36312820,36842151,62458980,30797415,41468116,24087786,35396607,21962802,6374036,36605258,4518550,18903859,36563390,58753880,36883080,40260912,4897804,36647347,47618996,41582608,35710478,36702507,39259805,1110594,17367047,11088081,
43168753:34596454,19142414,13622687,34858181,
11068233:11016424,10975594,19665881,509849,2904514,11391118,19510641,10965955,10974993,40885850,10975448,10975214,
9746890:294148,38581478,17941590,29200852,46179423,42793852,29848391,44551119,17520326,46184862,40584952,46329117,60643811,43158420,58632997,46179747,44355404,19765379,42546262,47212793,65669903,26120567,59073021,39764097,38185681,21432030,41058461,21238972,57895718,
37114528:43514041,45425639,65561538,47643935,57804124,36269572,33852163,57959480,8266547,4516438,5330317,45397096,45426242,16924351,57804552,47343355,13811261,4673159,7440698,9549945,15711966,34893147,34204821,45425133,
49916788:45425639,49916836,57804124,57959480,45426242,57804552,45425133,
52872633:49412431,41457435,
32648069:5278086,46395589,26862256,46816278,43666054,39699805,22518649,42655608,42204722,38742486,58017300,14484109,32250077,21749401,48220521,32247253,5361885,36946362,
24918014:53466081,48334437,40584952,19574200,35786744,61632834,39556943,3025785,32250077,9426235,13321644,61588092,
62225142:47306282,48312425,48320479,41931192,35786744,61632834,3025785,44615822,
34296064:13321644,48041072,48334781,48320479,48413019,48321532,48411435,48412578,48402155,36217230,48359605,49078899,48400801,48356170,48403966,48360835,48383531,48410527,61632834,34204821,61588092,
22910919:1287409,7004277,65969644,10862710,949093,65286161,45639938,30250127,55663625,15686387,65730347,27890186,65059467,58027829,34972635,25802903,44855092,59266079,546941,29002205,63263090,41048039,66294548,40113114,28517269,65659185,27720756,32184288,32097327,6210550,47853401,34179125,61006395,7470169,49086703,12059000,22327409,63269967,50493800,
62225196:47306282,48344861,48312425,48412794,47988553,66339066,48361122,63602866,63602707,61647419,22065498,42023285,
56057730:10862710,23418518,20790734,25802903,28843139,66294548,6610134,30636171,25625964,
39058462:34454710,41996703,30636171,36807694,
47401448:29200852,17096233,42793852,43158420,52312044,52372622,45084621,44355404,19765379,43230190,40503310,2029987,44076242,2865581,45508708,
25004758:23604725,49060371,47861243,50482986,21840047,31812149,22016974,7702053,39390368,33422542,58612123,34736771,48337916,10674621,52227813,43807810,28438920,48167515,1017604,838743,61482144,50695658,54290876,30638632,1286587,4433978,25728052,36887670,47175561,20790734,23428349,38552534,65730347,40558535,48973006,60670323,21309179,46844465,21941882,59462101,15910652,63610547,19013180,4702895,1285487,294131,276599,1307952,30817041,35994420,51070537,1330323,56366883,20596126,1285450,46788231,1287350,4779441,1330314,58027829,30738506,21262862,24232963,6931207,47125795,23864948,43355212,89603,6145284,40537510,64247813,10531792,4213504,61573047,10674682,48167674,38270730,38372552,53042047,11250889,8140705,38551965,28843139,203674,65835711,23396534,1285409,9788548,24231552,6444146,65659185,9996178,1306792,1307088,11132551,34157364,58934545,48337980,32184288,38552620,53884374,35125827,39645501,34179125,48793103,48995779,49909007,48167724,36425172,5699256,64024099,1073407,4442258,45238955,35360717,2491313,45636680,48488221,50061615,
55989498:59958602,52227813,52223545,42781729,52223477,7338985,52480870,63271511,40686538,
48790938:10674621,61573047,10674682,
38551994:36246492,2438912,45389960,36312326,9844938,55314264,5443520,
47400633:47643935,40196990,65659506,52625224,36233169,15711966,56900570,
24917942:52257877,8346924,3226859,2002248,41517594,33852163,8266547,35614324,19765379,65631681,13165754,35623801,2865581,7440698,33832295,5726405,
42365909:45425639,49916836,54426620,57804124,43148566,57959480,4452347,42556335,45426242,16085060,57804552,3938487,9549945,5337542,44251227,34893147,17981867,45425133,
45595291:49481933,45595179,46757505,
