5462208:303611,65974679,20498278,20510702,66181836,66202503,36311077,66988,6896709,41397453,51469728,35057608,31032346,5443659,10209212,11119268,6709774,7439361,3892408,803735,60960124,40541834,61498902,30527239,47470889,455980,3401732,62202691,62662213,28257207,61091687,3317698,22002470,5443613,64220221,57261333,5443428,13295159,12680101,10464869,5430700,61927592,36820891,793888,30863535,
61596582:45694887,30281464,20097450,1873251,41714700,11141157,63324193,35624952,37769059,28841656,30280259,62208201,24760680,5443726,63482384,54233764,
62246876:32337290,9547443,
24407732:25336707,43838872,24528360,24651726,24528456,24620131,24720724,25336868,7439361,24620381,19133893,22002844,6495575,24596541,22002877,41723469,24620729,24627479,24760587,22002470,24620467,23820003,8104626,24729833,24626791,24651624,24760733,24760801,24760967,24761067,27524115,24605890,13295159,28634778,25154544,
62224986:30281464,31143119,30280259,
62210773:11141157,24651624,
65957932:30281464,31143119,30280259,
63934733:
38741365:35327115,
62694879:54233764,
44676810:51469728,52677568,7665070,807667,1191700,36820891,
44676786:51127870,514207,19105950,43861783,6495575,5443726,52684566,
9962397:10096046,13911381,1083614,
64544477:530437,14949655,38688753,807667,56464334,1320823,36820891,
62225336:23316667,
61600236:
62224999:31143119,35125288,
61596633:5462198,42964749,45694887,3228886,19525114,41714700,2457538,47802234,11141157,10643418,41723469,37769059,1901839,24729833,24760680,30554246,5678236,
64303910:43292334,36275065,5184194,28335373,1689599,26694736,45412423,219681,35934313,35616943,5091460,10773652,5396385,35933098,57654967,56460019,5090933,4473517,632127,22003096,5213743,43726268,9888230,5091591,
62210272:
64447911:57261333,
62210263:10209212,3892408,10464869,
62215144:1901839,37829436,5678236,
66174460:39314175,47314008,66174430,13245936,40350078,
64447942:
62743258:3228886,
64447935:5443905,19525256,19525114,
61596867:42246753,20442706,64310804,44396435,65725581,54233764,
63934758:
63934806:32337290,54889528,
63934509:54889528,54233764,
63934583:35057608,
63934544:64065803,64310804,65725581,64220801,
63934533:8969826,44396435,20613884,44396705,54889528,
61596507:43862287,65361864,7236603,49189818,63168197,43766478,48598022,6705973,62708928,
63168148:62708928,49189818,63168197,
63168134:49189818,63168197,
64447954:
64447965:5430700,
64447975:197454,1597976,15295535,489022,
61600446:44785705,37756295,6709743,1148168,
63548627:17927503,62473273,13911381,5170425,
63548699:60600056,51016785,4843251,3167956,27213163,60600284,4883547,
50246861:17927503,40880066,31861587,13911381,5170425,33687540,51016785,41178810,21411176,4843251,63909747,41938985,37327415,60600284,47133788,50246848,32366425,59618729,
28166973:5320128,66988,65350049,42964749,62085734,41435503,11373918,63855150,22002733,5443659,10209212,5443406,37741052,6709774,3228886,26694736,526013,3892408,803735,5443554,455980,3401732,62202691,62662213,10643418,24596085,10534532,10773652,5396385,3317698,6717757,1901839,41043516,5443629,5443613,6705429,6705918,22003096,1673550,9888230,5443428,6554327,15676422,22002999,37829436,10464869,22003034,30863535,
62738424:62780358,62736349,23342323,40377245,
62210188:10209212,3892408,803735,455980,3401732,3317698,10464869,
62695133:10209212,3892408,803735,
29038640:6896709,10209212,3892408,3317698,
29038685:5443684,63053030,65007449,455980,63283368,10464869,
62210714:803735,3401732,
26890514:803735,45694887,31541562,5443659,28335373,43766478,61012823,28800663,37769059,5396385,41043516,24729833,5443587,15676422,36820891,793888,
40607124:40607089,53871794,41809727,34972635,43740515,59408716,41350744,51332632,
40607121:43740515,51332632,
26973701:65536975,
63813894:63941582,63813890,63895951,65492016,63894835,
63598187:56691108,63805389,63027889,41809813,
63598174:63824087,6705877,63842494,
63599153:48429203,
63833835:63833834,
63829226:63829220,5443613,
63825180:5443812,
26890543:3401732,65775458,31143119,1873251,19525114,5429060,6495575,61012747,35624952,61012795,24760733,24760967,5443726,61012848,
34745764:7014361,30818974,43711258,56468706,59085937,48640408,35604638,43938443,52730014,42242452,37660485,36473560,
26973623:
63589521:20826304,47347158,47313960,47314008,47404904,65783284,47314147,
47313874:1148173,47321135,47321166,47314033,47314096,6574343,20767041,47314018,47314024,47313995,47379113,47313915,47313983,47314157,47314093,47359696,47314162,47313907,
63589718:47321250,8104467,47347227,6709774,47313953,47380189,47404836,47379199,47379184,47313991,47404902,47404900,47404821,10464869,
47313803:47313929,47313932,47313935,47347174,47379209,47379170,47404927,47314073,47404906,47380207,5443751,24596347,25336836,8104245,20462695,
63589661:3782462,47314031,45290800,47313922,47313871,3594209,47379155,14760382,47314121,47379312,47404726,47404602,47350048,47314071,47347433,
47313880:47313989,12680161,47313895,47313947,20497605,47313879,47347318,47347146,47379279,47379348,47314190,47380187,47404893,47404839,47404826,40524945,47404932,47313900,47313910,47313973,47404617,47404592,47404566,5813681,47350026,47314177,12680101,25174338,47349158,47314170,
63588204:47321261,41435503,43543211,47314061,9993229,47349905,6705476,47380199,41393115,47380179,47314150,47404841,47379178,21156070,47380204,47404807,47313800,47359779,47349165,13266550,
62208347:5443905,5443554,35933098,523282,
64371899:35669461,5443659,35621998,35930698,1673550,
62614920:
62217189:10512589,2666144,19325108,23891409,28492855,2457538,23342323,5501014,11537097,5500966,5443629,5774005,4283818,5443333,10512758,6554327,30863535,
62208386:62452314,40342571,5443406,39724712,10993797,65344609,5443587,6654746,5443387,22002999,6863393,
53509309:523282,60636576,5443905,14101849,37966,526129,26965744,52150185,59214572,173818,4859516,51725968,54753,52518492,
33545608:3457395,3494597,19737630,19737609,19737716,19737702,19737683,1737475,19737656,26745064,
60655979:1737475,60636576,33542975,2148504,60636615,
60144960:28299553,60144958,
54035837:526129,18400450,62866211,36108420,26965744,52150185,62899998,
54035836:
54035834:963609,33126840,
54035823:8791701,11226033,5609254,32472548,
62208337:22012856,2428590,6705918,5443428,793888,
62210685:
61600261:62217814,62202953,61012823,17922794,28800663,5429060,61498902,61012747,61448414,61012795,62208201,61012848,
62232183:61448414,53408290,
28674766:5320086,28281226,66988,66230980,62085734,23316667,64623593,63855150,34942121,61451190,62662213,28674751,6709660,5719150,40505725,5443726,
24633980:6709635,24635298,28674607,24635373,6709660,52683238,24633973,24635026,
62224968:62202691,61448414,63324193,
61600278:43838872,43746977,6705321,25079629,43861783,6705366,6705973,
30836663:55690649,43711258,34972635,43740515,19463107,48793343,36312326,52221506,63556666,51332632,
61602041:40607089,53871794,7014361,53221297,40849708,34972635,59085937,42671808,
64267214:53871794,7014361,53221297,59085937,
65446765:65775458,63612286,
61617293:52333878,1873251,35624952,28841656,35604638,6705973,52221506,
61600464:11119268,47802234,
62452139:62452106,62452184,5443684,6896709,2666144,45290800,1148173,19325108,56691108,5184194,28335373,47313879,26694736,45412423,61012823,65007449,47404839,61012747,5501014,10643418,5091460,40524945,22012856,5500966,10773652,61012795,6717757,41043516,5443629,56460019,41809813,6705429,6705918,57261333,22003096,5443333,10512758,43726268,65718927,24596347,8104245,5443726,10464869,22003034,5443812,61012848,
